time	V(faa_in)	V(output)
0.000000000000000e+000	1.097053e-015	1.474701e-004
9.999999960041972e-012	7.848064e-006	1.474701e-004
1.999999992008394e-011	2.092423e-005	1.474701e-004
3.999999984016789e-011	6.901253e-005	1.474701e-004
7.999999968033578e-011	2.569018e-004	1.474701e-004
1.599999993606716e-010	1.006141e-003	1.474701e-004
3.199999987213431e-010	3.984521e-003	1.474701e-004
6.399999974426862e-010	1.442765e-002	1.474701e-004
1.000000000000000e-009	3.074807e-002	1.474701e-004
1.252000001790120e-009	4.593273e-002	1.474701e-004
1.540000003835971e-009	6.292844e-002	1.474701e-004
2.116000007927673e-009	9.580433e-002	1.474701e-004
3.268000016111078e-009	1.573769e-001	1.474701e-004
5.572000032477887e-009	2.657938e-001	1.474701e-004
1.018000006521150e-008	4.362024e-001	1.474701e-004
1.939600013067874e-008	6.560236e-001	1.474701e-004
3.782800026161321e-008	8.613301e-001	1.474701e-004
7.469200052348216e-008	9.811830e-001	1.474701e-004
1.179113969136816e-007	9.998578e-001	1.474701e-004
1.276220308256064e-007	9.993967e-001	1.474701e-004
1.488640425079420e-007	9.998707e-001	1.474701e-004
1.512917009859232e-007	9.998867e-001	1.474701e-004
1.561470179418856e-007	9.999117e-001	1.474701e-004
1.658576518538104e-007	9.999434e-001	1.474701e-004
1.852789196776601e-007	9.999720e-001	1.474701e-004
2.241214553253594e-007	9.999872e-001	1.474701e-004
3.018065266207580e-007	9.999902e-001	1.474701e-004
4.571766692115552e-007	9.999900e-001	1.474701e-004
7.679169543931497e-007	9.999900e-001	1.474701e-004
1.389397524756339e-006	9.999900e-001	1.474701e-004
2.389397524756339e-006	9.999900e-001	1.474701e-004
3.389397524756339e-006	9.999900e-001	1.474703e-004
4.389397524756338e-006	9.999900e-001	1.474711e-004
5.389397524756338e-006	9.999900e-001	1.474734e-004
6.141000000000000e-006	9.999899e-001	1.474764e-004
6.143999999999999e-006	9.999899e-001	1.474764e-004
6.147999999999998e-006	9.999899e-001	1.474764e-004
6.220142857142830e-006	9.999899e-001	1.474769e-004
6.292285714285662e-006	9.999900e-001	1.474775e-004
6.364428571428494e-006	9.999900e-001	1.474781e-004
6.436571428571326e-006	9.999900e-001	1.474787e-004
6.508714285714158e-006	9.999900e-001	1.474793e-004
6.580857142856990e-006	9.999900e-001	1.474800e-004
6.652999999999822e-006	9.999900e-001	1.474807e-004
6.658999999999820e-006	9.999900e-001	1.474808e-004
6.727857142856988e-006	9.999900e-001	1.474815e-004
6.796714285714157e-006	9.999900e-001	1.474823e-004
6.865571428571326e-006	9.999900e-001	1.474832e-004
6.934428571428494e-006	9.999900e-001	1.474841e-004
7.003285714285663e-006	9.999900e-001	1.474851e-004
7.072142857142831e-006	9.999900e-001	1.474861e-004
7.141000000000000e-006	9.999900e-001	1.474872e-004
7.141825000000000e-006	9.999900e-001	1.474872e-004
7.141899999999999e-006	9.999900e-001	1.474872e-004
7.142000000000000e-006	9.999900e-001	1.474872e-004
7.142001250000001e-006	9.999900e-001	1.474872e-004
7.142002187500000e-006	9.999900e-001	1.474872e-004
7.142024866071429e-006	9.999900e-001	1.474872e-004
7.142047544642857e-006	9.999900e-001	1.474872e-004
7.142070223214287e-006	9.999900e-001	1.474872e-004
7.142092901785715e-006	9.999900e-001	1.474872e-004
7.142115580357144e-006	9.999900e-001	1.474872e-004
7.142138258928572e-006	9.999900e-001	1.474872e-004
7.142160937500001e-006	9.999900e-001	1.474872e-004
7.284852232142858e-006	9.999900e-001	1.474896e-004
7.427543526785716e-006	9.999900e-001	1.474924e-004
7.570234821428572e-006	9.999900e-001	1.474956e-004
7.712926116071430e-006	9.999900e-001	1.474992e-004
7.855617410714287e-006	9.999900e-001	1.475032e-004
7.998308705357144e-006	9.999900e-001	1.475077e-004
8.141000000000001e-006	9.999900e-001	1.475125e-004
8.141999999999999e-006	9.999900e-001	1.475126e-004
8.266977142856887e-006	9.999900e-001	1.475174e-004
8.391954285713776e-006	9.999900e-001	1.475227e-004
8.516931428570663e-006	9.999900e-001	1.475286e-004
8.641908571427550e-006	9.999900e-001	1.475351e-004
8.766885714284439e-006	9.999900e-001	1.475421e-004
8.891862857141326e-006	9.999900e-001	1.475496e-004
9.016839999998214e-006	9.999900e-001	1.475577e-004
9.018119999998212e-006	9.999900e-001	1.475578e-004
9.018439999998210e-006	9.999900e-001	1.475578e-004
9.019079999998209e-006	9.999900e-001	1.475579e-004
9.020359999998208e-006	9.999900e-001	1.475580e-004
9.022919999998202e-006	9.999900e-001	1.475582e-004
9.028039999998191e-006	9.999900e-001	1.475585e-004
9.038279999998170e-006	9.999900e-001	1.475592e-004
9.058759999998129e-006	9.999900e-001	1.475607e-004
9.099719999998045e-006	9.999900e-001	1.475637e-004
9.181639999997877e-006	9.999900e-001	1.475700e-004
9.345479999997543e-006	9.999900e-001	1.475840e-004
9.673159999996874e-006	9.999900e-001	1.476189e-004
1.032851999999554e-005	9.999900e-001	1.477027e-004
1.032951999999554e-005	9.999900e-001	1.477029e-004
1.033151999999554e-005	9.999900e-001	1.477032e-004
1.033551999999554e-005	9.999900e-001	1.477038e-004
1.034351999999554e-005	9.999900e-001	1.477051e-004
1.035951999999555e-005	9.999900e-001	1.477078e-004
1.039151999999557e-005	9.999900e-001	1.477131e-004
1.045551999999560e-005	9.999900e-001	1.477242e-004
1.058351999999566e-005	9.999900e-001	1.477480e-004
1.083951999999579e-005	9.999900e-001	1.477988e-004
1.084051999999579e-005	9.999900e-001	1.477990e-004
1.084251999999579e-005	9.999900e-001	1.477994e-004
1.084651999999579e-005	9.999900e-001	1.478003e-004
1.085451999999580e-005	9.999900e-001	1.478020e-004
1.087051999999581e-005	9.999900e-001	1.478056e-004
1.090251999999582e-005	9.999900e-001	1.478127e-004
1.096651999999585e-005	9.999900e-001	1.478273e-004
1.098399999999994e-005	9.999900e-001	1.478314e-004
1.101896000000810e-005	9.999900e-001	1.478397e-004
1.104207999998367e-005	9.999900e-001	1.478453e-004
1.106576000004886e-005	9.999900e-001	1.478511e-004
1.106676000004886e-005	9.999900e-001	1.478513e-004
1.106876000004886e-005	9.999900e-001	1.478518e-004
1.107276000004886e-005	9.999900e-001	1.478528e-004
1.108076000004887e-005	9.999900e-001	1.478548e-004
1.109676000004888e-005	9.999900e-001	1.478588e-004
1.109776000004888e-005	9.999900e-001	1.478590e-004
1.109976000004888e-005	9.999900e-001	1.478595e-004
1.110376000004888e-005	9.999900e-001	1.478605e-004
1.110400000000000e-005	9.999900e-001	1.478606e-004
1.110447999990223e-005	9.999900e-001	1.478607e-004
1.110543999970669e-005	9.999900e-001	1.478609e-004
1.110735999931562e-005	9.999900e-001	1.478614e-004
1.110816000078215e-005	9.999900e-001	1.478616e-004
1.110976000371520e-005	9.999900e-001	1.478620e-004
1.111076000371520e-005	9.999900e-001	1.478623e-004
1.111100000000000e-005	9.999900e-001	1.478624e-004
1.111147999256960e-005	9.999900e-001	1.478625e-004
1.111200000000000e-005	9.999900e-001	1.478626e-004
1.111205200074304e-005	9.997644e-001	1.478626e-004
1.111215600222912e-005	9.988090e-001	1.478627e-004
1.111236400520128e-005	9.950771e-001	1.478627e-004
1.111258399405568e-005	9.879529e-001	1.478628e-004
1.111300000000000e-005	9.691709e-001	1.478629e-004
1.111375475364184e-005	9.248212e-001	1.478630e-004
1.111450950728368e-005	8.826360e-001	1.478632e-004
1.111526426092553e-005	8.426154e-001	1.478634e-004
1.111601901456737e-005	8.047594e-001	1.478636e-004
1.111677376820921e-005	7.690679e-001	1.478638e-004
1.111752852185105e-005	7.355410e-001	1.478640e-004
1.111828327549290e-005	7.041787e-001	1.478642e-004
1.112360815158023e-005	5.208294e-001	1.478655e-004
1.113425790375489e-005	2.970710e-001	1.478683e-004
1.115555740810421e-005	1.033660e-001	1.478738e-004
1.119421968588175e-005	1.132063e-002	1.478839e-004
1.124154878725819e-005	-1.145279e-003	1.478967e-004
1.132795702790605e-005	1.446263e-004	1.479211e-004
1.150077350920178e-005	-3.619359e-005	1.479745e-004
1.184640647179323e-005	1.301608e-005	1.481025e-004
1.253767239697614e-005	-1.232944e-006	1.484337e-004
1.328700000000000e-005	-1.937111e-004	1.488753e-004
1.329300000000000e-005	-1.362395e-004	1.488798e-004
1.330100000000001e-005	-8.812171e-005	1.488857e-004
1.331700000000002e-005	-3.950742e-005	1.488978e-004
1.334900000000003e-005	-8.709562e-006	1.489221e-004
1.354100000000013e-005	-2.582374e-009	1.490776e-004
1.364742857142868e-005	-3.074166e-009	1.491664e-004
1.375385714285723e-005	-3.279061e-009	1.492600e-004
1.386028571428579e-005	-3.197059e-009	1.493584e-004
1.396671428571434e-005	-2.828161e-009	1.494617e-004
1.407314285714289e-005	-2.172365e-009	1.495697e-004
1.417957142857145e-005	-1.229673e-009	1.496826e-004
1.428600000000000e-005	-8.337196e-014	1.498003e-004
1.428610000000000e-005	-8.337173e-014	1.498004e-004
1.428630000000000e-005	-8.337128e-014	1.498006e-004
1.428660000000000e-005	-8.337059e-014	1.498010e-004
1.428700000000000e-005	-8.336969e-014	1.498014e-004
1.428772571428572e-005	-8.336804e-014	1.498022e-004
1.428845142857143e-005	-8.336639e-014	1.498030e-004
1.428917714285715e-005	-8.336473e-014	1.498039e-004
1.428990285714286e-005	-8.336308e-014	1.498047e-004
1.429062857142858e-005	-8.336142e-014	1.498055e-004
1.429135428571430e-005	-8.335976e-014	1.498063e-004
1.429208000000001e-005	-8.335810e-014	1.498072e-004
1.429720000000002e-005	-8.334632e-014	1.498130e-004
1.430744000000005e-005	-8.332245e-014	1.498246e-004
1.432792000000009e-005	-8.327350e-014	1.498482e-004
1.436888000000018e-005	-8.317291e-014	1.498956e-004
1.437912000000020e-005	-8.314700e-014	1.499076e-004
1.440472000000026e-005	-8.308051e-014	1.499378e-004
1.441496000000028e-005	-8.305318e-014	1.499499e-004
1.443544000000033e-005	-8.299732e-014	1.499745e-004
1.447640000000042e-005	-8.288068e-014	1.500244e-004
1.455832000000060e-005	-8.262779e-014	1.501271e-004
1.472216000000095e-005	-8.204452e-014	1.503457e-004
1.504984000000167e-005	-8.057559e-014	1.508395e-004
1.570520000000311e-005	-7.663148e-014	1.520537e-004
1.670520000000311e-005	-6.863091e-014	1.544656e-004
1.770520000000311e-005	-5.847204e-014	1.576927e-004
1.870520000000311e-005	-4.634510e-014	1.619881e-004
1.970520000000311e-005	-3.280141e-014	1.674523e-004
2.042700000000000e-005	-2.244551e-014	1.720816e-004
2.042999999999999e-005	-2.240105e-014	1.721033e-004
2.050271428571406e-005	-2.131762e-014	1.726468e-004
2.057542857142814e-005	-2.023253e-014	1.731977e-004
2.064814285714222e-005	-1.914579e-014	1.737561e-004
2.072085714285629e-005	-1.805740e-014	1.743219e-004
2.079357142857037e-005	-1.696735e-014	1.748951e-004
2.086628571428445e-005	-1.587566e-014	1.754758e-004
2.093899999999852e-005	-1.478231e-014	1.760639e-004
2.100871428571302e-005	-1.373189e-014	1.766411e-004
2.107842857142751e-005	-1.268112e-014	1.772271e-004
2.114814285714201e-005	-1.162999e-014	1.778218e-004
2.121785714285651e-005	-1.057851e-014	1.784253e-004
2.128757142857101e-005	-9.526682e-015	1.790374e-004
2.135728571428550e-005	-8.474497e-015	1.796584e-004
2.142700000000000e-005	-7.421958e-015	1.802880e-004
2.142782500000000e-005	-7.409508e-015	1.802955e-004
2.142790000000000e-005	-7.408376e-015	1.802962e-004
2.142800000000000e-005	-7.406867e-015	1.802971e-004
2.154142857142857e-005	-5.692996e-015	1.813423e-004
2.165485714285714e-005	-3.982991e-015	1.824119e-004
2.176828571428571e-005	-2.276852e-015	1.835061e-004
2.188171428571429e-005	-5.745794e-016	1.846247e-004
2.199514285714286e-005	1.123827e-015	1.857679e-004
2.210857142857143e-005	2.818368e-015	1.869355e-004
2.222200000000000e-005	4.509042e-015	1.881276e-004
2.222210000000000e-005	8.312275e-004	1.881287e-004
2.222230000000000e-005	4.036234e-003	1.881308e-004
2.222260000000000e-005	1.326891e-002	1.881340e-004
2.222300000000000e-005	3.103136e-002	1.881383e-004
2.222328000000000e-005	4.787848e-002	1.881413e-004
2.222360000000000e-005	6.669162e-002	1.881447e-004
2.222424000000000e-005	1.029508e-001	1.881515e-004
2.222552000000000e-005	1.703834e-001	1.881651e-004
2.222808000000001e-005	2.875582e-001	1.881924e-004
2.223320000000002e-005	4.674182e-001	1.882470e-004
2.224344000000004e-005	6.903694e-001	1.883564e-004
2.226392000000009e-005	8.873088e-001	1.885759e-004
2.230250244097211e-005	9.870803e-001	1.889917e-004
2.235145870370677e-005	9.991669e-001	1.895222e-004
2.237945870370669e-005	9.998227e-001	1.898284e-004
2.238625031746287e-005	9.998761e-001	1.899029e-004
2.239304193121906e-005	9.999195e-001	1.899774e-004
2.239983354497525e-005	9.999527e-001	1.900521e-004
2.240662515873144e-005	9.999758e-001	1.901268e-004
2.241341677248763e-005	9.999887e-001	1.902017e-004
2.242020838624381e-005	9.999916e-001	1.902766e-004
2.242700000000000e-005	9.999843e-001	1.903517e-004
2.242774330995179e-005	9.999846e-001	1.903599e-004
2.242783100307962e-005	9.999846e-001	1.903609e-004
2.242785017108545e-005	9.999846e-001	1.903611e-004
2.242800000000000e-005	9.999847e-001	1.903628e-004
2.250505197310856e-005	9.999879e-001	1.912259e-004
2.258210394621711e-005	9.999903e-001	1.921002e-004
2.265915591932567e-005	9.999918e-001	1.929856e-004
2.273620789243422e-005	9.999926e-001	1.938821e-004
2.281325986554278e-005	9.999925e-001	1.947897e-004
2.289031183865133e-005	9.999917e-001	1.957084e-004
2.296736381175989e-005	9.999900e-001	1.966382e-004
2.317711925021228e-005	9.999900e-001	1.992458e-004
2.330353435820814e-005	9.999900e-001	2.008583e-004
2.330400256231183e-005	9.999900e-001	2.008644e-004
2.330493897051921e-005	9.999900e-001	2.008765e-004
2.330681178693396e-005	9.999900e-001	2.009007e-004
2.331055741976347e-005	9.999900e-001	2.009492e-004
2.331804868542248e-005	9.999900e-001	2.010462e-004
2.333303121674051e-005	9.999900e-001	2.012408e-004
2.336299627937656e-005	9.999900e-001	2.016318e-004
2.342292640464868e-005	9.999900e-001	2.024213e-004
2.354278665519290e-005	9.999900e-001	2.040305e-004
2.378250715628135e-005	9.999900e-001	2.073716e-004
2.426194815845824e-005	9.999900e-001	2.145578e-004
2.522083016281203e-005	9.999900e-001	2.304754e-004
2.622083016281203e-005	9.999900e-001	2.492136e-004
2.722083016281203e-005	9.999900e-001	2.700601e-004
2.757200000000000e-005	9.999900e-001	2.779881e-004
2.786966032562407e-005	9.999900e-001	2.850542e-004
2.797667934875187e-005	9.999900e-001	2.876644e-004
2.819071739500748e-005	9.999900e-001	2.929740e-004
2.819171739500748e-005	9.999900e-001	2.929990e-004
2.819371739500747e-005	9.999900e-001	2.930494e-004
2.819771739500747e-005	9.999900e-001	2.931501e-004
2.820571739500746e-005	9.999900e-001	2.933518e-004
2.822171739500744e-005	9.999900e-001	2.937557e-004
2.825371739500740e-005	9.999900e-001	2.945662e-004
2.831771739500733e-005	9.999900e-001	2.961976e-004
2.844571739500717e-005	9.999900e-001	2.994799e-004
2.844671739500717e-005	9.999900e-001	2.995057e-004
2.844871739500717e-005	9.999900e-001	2.995574e-004
2.845271739500716e-005	9.999900e-001	2.996609e-004
2.846071739500715e-005	9.999900e-001	2.998681e-004
2.847671739500714e-005	9.999900e-001	3.002831e-004
2.850871739500710e-005	9.999900e-001	3.011144e-004
2.850971739500710e-005	9.999900e-001	3.011404e-004
2.851171739500709e-005	9.999900e-001	3.011924e-004
2.851571739500709e-005	9.999900e-001	3.012966e-004
2.852371739500708e-005	9.999900e-001	3.015052e-004
2.853971739500706e-005	9.999900e-001	3.019226e-004
2.854000000000004e-005	9.999900e-001	3.019300e-004
2.854056520998600e-005	9.999900e-001	3.019447e-004
2.854169562995791e-005	9.999900e-001	3.019743e-004
2.854395646990175e-005	9.999900e-001	3.020333e-004
2.854847814978941e-005	9.999900e-001	3.021515e-004
2.855752150956474e-005	9.999900e-001	3.023880e-004
2.855852150956474e-005	9.999900e-001	3.024141e-004
2.856052150956474e-005	9.999900e-001	3.024665e-004
2.856452150956473e-005	9.999900e-001	3.025712e-004
2.856552150956473e-005	9.999900e-001	3.025974e-004
2.856752150956473e-005	9.999900e-001	3.026497e-004
2.856800000000001e-005	9.999900e-001	3.026623e-004
2.856895698087056e-005	9.999900e-001	3.026873e-004
2.857008603825890e-005	9.999900e-001	3.027169e-004
2.857108603825890e-005	9.999900e-001	3.027431e-004
2.857200000000000e-005	9.999900e-001	3.027671e-004
2.857209139617411e-005	9.999900e-001	3.027695e-004
2.857227418852233e-005	9.999900e-001	3.027742e-004
2.857263977321877e-005	9.999900e-001	3.027839e-004
2.857300000000000e-005	9.999900e-001	3.027933e-004
2.857562965550297e-005	9.999900e-001	3.028622e-004
2.857825931100593e-005	9.999900e-001	3.029312e-004
2.858088896650890e-005	9.999900e-001	3.030001e-004
2.858351862201186e-005	9.999900e-001	3.030691e-004
2.858614827751483e-005	9.999900e-001	3.031381e-004
2.858877793301779e-005	9.999900e-001	3.032072e-004
2.859140758852076e-005	9.999900e-001	3.032762e-004
2.860985119971964e-005	9.999900e-001	3.037613e-004
2.865596022771685e-005	9.999900e-001	3.049769e-004
2.867440383891574e-005	9.999900e-001	3.054652e-004
2.871129106131350e-005	9.999900e-001	3.064437e-004
2.872051286691294e-005	9.999900e-001	3.066889e-004
2.873895647811183e-005	9.999900e-001	3.071805e-004
2.877584370050959e-005	9.999900e-001	3.081671e-004
2.884961814530513e-005	9.999900e-001	3.101542e-004
2.899716703489619e-005	9.999900e-001	3.141843e-004
2.929226481407832e-005	9.999900e-001	3.224686e-004
2.988246037244258e-005	9.999900e-001	3.398639e-004
3.088246037244258e-005	9.999900e-001	3.713377e-004
3.188246037244258e-005	9.999900e-001	4.049336e-004
3.233400000000001e-005	9.999900e-001	4.209125e-004
3.243092074488515e-005	9.999900e-001	4.244622e-004
3.262476223465544e-005	9.999900e-001	4.317104e-004
3.294631702045942e-005	9.999900e-001	4.438777e-004
3.294731702045943e-005	9.999900e-001	4.439160e-004
3.294931702045944e-005	9.999900e-001	4.439929e-004
3.295331702045946e-005	9.999900e-001	4.441468e-004
3.296131702045950e-005	9.999900e-001	4.444547e-004
3.297731702045959e-005	9.999900e-001	4.450713e-004
3.300931702045977e-005	9.999900e-001	4.463073e-004
3.307331702046013e-005	9.999900e-001	4.487909e-004
3.320131702046084e-005	9.999900e-001	4.537795e-004
3.320231702046085e-005	9.999900e-001	4.538186e-004
3.320431702046086e-005	9.999900e-001	4.538971e-004
3.320831702046089e-005	9.999900e-001	4.540540e-004
3.321631702046093e-005	9.999900e-001	4.543680e-004
3.326431702046120e-005	9.999900e-001	4.562559e-004
3.328136595907654e-005	9.999900e-001	4.569282e-004
3.330409787723031e-005	9.999900e-001	4.578257e-004
3.330709787723033e-005	9.999900e-001	4.579443e-004
3.331109787723036e-005	9.999900e-001	4.581024e-004
3.331909787723040e-005	9.999900e-001	4.584189e-004
3.332209787723042e-005	9.999900e-001	4.585376e-004
3.333400000000000e-005	9.999900e-001	4.590089e-004
3.333414285714285e-005	9.990288e-001	4.590145e-004
3.333428571428571e-005	9.969184e-001	4.590202e-004
3.333442857142857e-005	9.936589e-001	4.590259e-004
3.333457142857143e-005	9.892502e-001	4.590315e-004
3.333471428571429e-005	9.836923e-001	4.590372e-004
3.333485714285714e-005	9.769853e-001	4.590428e-004
3.333500000000000e-005	9.691291e-001	4.590485e-004
3.333613754078031e-005	9.036358e-001	4.590936e-004
3.333727508156062e-005	8.425693e-001	4.591386e-004
3.333841262234093e-005	7.859295e-001	4.591837e-004
3.333955016312124e-005	7.337164e-001	4.592288e-004
3.334068770390155e-005	6.859301e-001	4.592739e-004
3.334182524468187e-005	6.425706e-001	4.593190e-004
3.334296278546218e-005	6.036379e-001	4.593641e-004
3.335095679753401e-005	3.905556e-001	4.596811e-004
3.336694482167767e-005	1.751891e-001	4.603160e-004
3.339892086996499e-005	3.267763e-002	4.615881e-004
3.344026301654190e-005	-6.717298e-005	4.632378e-004
3.350745946579952e-005	6.350613e-006	4.659329e-004
3.363313444455443e-005	-1.383247e-006	4.710213e-004
3.388448440206425e-005	4.366186e-007	4.813896e-004
3.438718431708390e-005	1.372732e-007	5.026287e-004
3.471300000000001e-005	6.374034e-008	5.167989e-004
3.485585714285715e-005	5.206842e-007	5.231016e-004
3.499871428571429e-005	8.222782e-007	5.294972e-004
3.514157142857143e-005	9.685223e-007	5.359859e-004
3.528442857142857e-005	9.594166e-007	5.425677e-004
3.542728571428572e-005	7.949609e-007	5.492424e-004
3.557014285714286e-005	4.751554e-007	5.560103e-004
3.571300000000000e-005	-5.476242e-014	5.628711e-004
3.571382500000001e-005	-5.477222e-014	5.629110e-004
3.571390000000000e-005	-5.477311e-014	5.629146e-004
3.571400000000000e-005	-5.477429e-014	5.629194e-004
3.572570299107146e-005	-5.491300e-014	5.634856e-004
3.573740598214291e-005	-5.505126e-014	5.640525e-004
3.574910897321436e-005	-5.518908e-014	5.646203e-004
3.576081196428582e-005	-5.532645e-014	5.651889e-004
3.577251495535728e-005	-5.546339e-014	5.657583e-004
3.578421794642873e-005	-5.559989e-014	5.663285e-004
3.579592093750018e-005	-5.573594e-014	5.668996e-004
3.587784093750036e-005	-5.667636e-014	5.709210e-004
3.604168093750072e-005	-5.849317e-014	5.790949e-004
3.613758366071491e-005	-5.955296e-014	5.838826e-004
3.623348638392909e-005	-6.058590e-014	5.887293e-004
3.632938910714327e-005	-6.159198e-014	5.936348e-004
3.642529183035745e-005	-6.257120e-014	5.985992e-004
3.652119455357164e-005	-6.352357e-014	6.036226e-004
3.661709727678581e-005	-6.444909e-014	6.087048e-004
3.671300000000000e-005	-6.534775e-014	6.138460e-004
3.671400000000000e-005	-6.535700e-014	6.139000e-004
3.683852000000133e-005	-6.647766e-014	6.206805e-004
3.696304000000266e-005	-6.755682e-014	6.275745e-004
3.708756000000399e-005	-6.859448e-014	6.345819e-004
3.721208000000531e-005	-6.959064e-014	6.417028e-004
3.733660000000665e-005	-7.054530e-014	6.489372e-004
3.746112000000797e-005	-7.145845e-014	6.562849e-004
3.758564000000930e-005	-7.233010e-014	6.637461e-004
3.758820000000933e-005	-7.234735e-014	6.639017e-004
3.759332000000939e-005	-7.238177e-014	6.642131e-004
3.760356000000949e-005	-7.245033e-014	6.648367e-004
3.762404000000971e-005	-7.258629e-014	6.660877e-004
3.766500000001015e-005	-7.285349e-014	6.686045e-004
3.774692000001102e-005	-7.336907e-014	6.736998e-004
3.791076000001277e-005	-7.432428e-014	6.841532e-004
3.823844000001626e-005	-7.592766e-014	7.062608e-004
3.889380000002325e-005	-7.805279e-014	7.556690e-004
3.989380000002325e-005	-7.900531e-014	8.451988e-004
4.089380000002325e-005	-7.720476e-014	9.580602e-004
4.189380000002325e-005	-7.319225e-014	1.094062e-003
4.189480000002325e-005	-7.318681e-014	1.094217e-003
4.189680000002325e-005	-7.317452e-014	1.094547e-003
4.190080000002326e-005	-7.314990e-014	1.095207e-003
4.190880000002328e-005	-7.310051e-014	1.096530e-003
4.192480000002331e-005	-7.300107e-014	1.099188e-003
4.195680000002338e-005	-7.279965e-014	1.104549e-003
4.202080000002352e-005	-7.238668e-014	1.115460e-003
4.214880000002380e-005	-7.152081e-014	1.138063e-003
4.240480000002437e-005	-6.971491e-014	1.184758e-003
4.240580000002437e-005	-6.970761e-014	1.184945e-003
4.240780000002437e-005	-6.969266e-014	1.185327e-003
4.241180000002438e-005	-6.966275e-014	1.186092e-003
4.241980000002440e-005	-6.960277e-014	1.187625e-003
4.243580000002443e-005	-6.948221e-014	1.190705e-003
4.246780000002450e-005	-6.923870e-014	1.196919e-003
4.253180000002464e-005	-6.874219e-014	1.209567e-003
4.265980000002492e-005	-6.773151e-014	1.235280e-003
4.266080000002493e-005	-6.772349e-014	1.235484e-003
4.266280000002493e-005	-6.770729e-014	1.235895e-003
4.266680000002494e-005	-6.767487e-014	1.236719e-003
4.267480000002496e-005	-6.760987e-014	1.238370e-003
4.269080000002499e-005	-6.747931e-014	1.241687e-003
4.272280000002506e-005	-6.721586e-014	1.248379e-003
4.278680000002520e-005	-6.668465e-014	1.261874e-003
4.278780000002521e-005	-6.667630e-014	1.262087e-003
4.278980000002521e-005	-6.665949e-014	1.262514e-003
4.279380000002522e-005	-6.662585e-014	1.263368e-003
4.280180000002524e-005	-6.655843e-014	1.265082e-003
4.281780000002527e-005	-6.642325e-014	1.268518e-003
4.282599999999993e-005	-6.635372e-014	1.270285e-003
4.284239999994925e-005	-6.621428e-014	1.273830e-003
4.284339999994925e-005	-6.620576e-014	1.274046e-003
4.284539999994925e-005	-6.618870e-014	1.274480e-003
4.284939999994926e-005	-6.615455e-014	1.275349e-003
4.284999999999998e-005	-6.614942e-014	1.275479e-003
4.285120000010142e-005	-6.613917e-014	1.275740e-003
4.285360000030429e-005	-6.611865e-014	1.276262e-003
4.285460000030430e-005	-6.611010e-014	1.276479e-003
4.285600000000000e-005	-6.609812e-014	1.276784e-003
4.285700000000000e-005	-6.608956e-014	1.277001e-003
4.285800000000000e-005	-6.608100e-014	1.277219e-003
4.285810000000000e-005	-6.608014e-014	1.277241e-003
4.285830000000000e-005	-6.607844e-014	1.277284e-003
4.285860000000000e-005	-6.607586e-014	1.277350e-003
4.285900000000000e-005	-6.607244e-014	1.277437e-003
4.285972571428572e-005	-6.606622e-014	1.277595e-003
4.286045142857144e-005	-6.606000e-014	1.277753e-003
4.286117714285715e-005	-6.605378e-014	1.277911e-003
4.286190285714286e-005	-6.604756e-014	1.278070e-003
4.286262857142858e-005	-6.604134e-014	1.278228e-003
4.286335428571430e-005	-6.603511e-014	1.278386e-003
4.286408000000001e-005	-6.602889e-014	1.278545e-003
4.286920000000003e-005	-6.598492e-014	1.279663e-003
4.287944000000005e-005	-6.589676e-014	1.281906e-003
4.289992000000010e-005	-6.571952e-014	1.286418e-003
4.295112000000021e-005	-6.527336e-014	1.297782e-003
4.297160000000025e-005	-6.509309e-014	1.302378e-003
4.297672000000026e-005	-6.504789e-014	1.303531e-003
4.298696000000029e-005	-6.495717e-014	1.305846e-003
4.300744000000033e-005	-6.477485e-014	1.310501e-003
4.304840000000042e-005	-6.440665e-014	1.319918e-003
4.313032000000060e-005	-6.365615e-014	1.339181e-003
4.329416000000096e-005	-6.210045e-014	1.379511e-003
4.362184000000168e-005	-5.886020e-014	1.464662e-003
4.378863999999856e-005	-5.712717e-014	1.511277e-003
4.412223999999233e-005	-5.352485e-014	1.610147e-003
4.412323999999233e-005	-5.351381e-014	1.610454e-003
4.412523999999233e-005	-5.349142e-014	1.611083e-003
4.412923999999234e-005	-5.344661e-014	1.612342e-003
4.413723999999236e-005	-5.335689e-014	1.614866e-003
4.415323999999240e-005	-5.317702e-014	1.619937e-003
4.424923999999261e-005	-5.208767e-014	1.650885e-003
4.431599999999972e-005	-5.132362e-014	1.672752e-003
4.431899999999972e-005	-5.128905e-014	1.673748e-003
4.432299999999973e-005	-5.124288e-014	1.675079e-003
4.433099999999975e-005	-5.115046e-014	1.677747e-003
4.434699999999978e-005	-5.096520e-014	1.683105e-003
4.437899999999985e-005	-5.059391e-014	1.693866e-003
4.438199999999986e-005	-5.055901e-014	1.694881e-003
4.438599999999987e-005	-5.051242e-014	1.696236e-003
4.441199999999993e-005	-5.020903e-014	1.705077e-003
4.444400000000000e-005	-4.983407e-014	1.716050e-003
4.444410000000000e-005	8.312275e-004	1.716085e-003
4.444430000000000e-005	4.036234e-003	1.716153e-003
4.444460000000000e-005	1.326891e-002	1.716257e-003
4.444500000000000e-005	3.103136e-002	1.716395e-003
4.444528000000000e-005	4.787848e-002	1.716491e-003
4.444560000000000e-005	6.669162e-002	1.716601e-003
4.444624000000000e-005	1.029508e-001	1.716822e-003
4.444752000000001e-005	1.703834e-001	1.717263e-003
4.445008000000001e-005	2.875582e-001	1.718147e-003
4.445520000000002e-005	4.674182e-001	1.719916e-003
4.446544000000005e-005	6.903694e-001	1.723463e-003
4.448592000000009e-005	8.873088e-001	1.730596e-003
4.452450244097212e-005	9.870803e-001	1.744143e-003
4.457045870370679e-005	1.001334e+000	1.760499e-003
4.465480260239772e-005	9.998333e-001	1.791245e-003
4.482349039977958e-005	1.000028e+000	1.855601e-003
4.516086599454331e-005	9.999763e-001	1.996594e-003
4.583561718407077e-005	9.999939e-001	2.325874e-003
4.683561718407077e-005	9.999897e-001	2.923732e-003
4.783561718407076e-005	9.999902e-001	3.676541e-003
4.883561718407076e-005	1.000016e+000	4.577355e-003
4.899900000000001e-005	1.000007e+000	4.745913e-003
4.934546873628301e-005	1.000037e+000	5.133076e-003
4.946368736282998e-005	9.999896e-001	5.273618e-003
4.962131219822595e-005	9.999899e-001	5.465320e-003
4.967526759847939e-005	9.999899e-001	5.532217e-003
4.972922299873282e-005	9.999899e-001	5.599915e-003
4.978317839898626e-005	9.999899e-001	5.668413e-003
4.983713379923969e-005	9.999899e-001	5.737711e-003
4.989108919949313e-005	9.999900e-001	5.807810e-003
4.994504459974656e-005	9.999900e-001	5.878709e-003
4.999900000000000e-005	9.999900e-001	5.950409e-003
4.999983391057453e-005	9.999900e-001	5.951522e-003
4.999990509175688e-005	9.999900e-001	5.951617e-003
5.000000000000000e-005	9.999900e-001	5.951745e-003
5.000000118635304e-005	9.999900e-001	5.951746e-003
5.000000148294130e-005	9.999900e-001	5.951746e-003
5.000000207611782e-005	9.999900e-001	5.951747e-003
5.000000326247086e-005	9.999900e-001	5.951749e-003
5.000000563517694e-005	9.999900e-001	5.951752e-003
5.000001987141341e-005	9.999900e-001	5.951771e-003
5.000557064780446e-005	9.999900e-001	5.959192e-003
5.001112142419550e-005	9.999900e-001	5.966623e-003
5.001667220058655e-005	9.999900e-001	5.974065e-003
5.002222297697760e-005	9.999900e-001	5.981517e-003
5.002777375336864e-005	9.999900e-001	5.988979e-003
5.003332452975969e-005	9.999900e-001	5.996452e-003
5.003887530615073e-005	9.999900e-001	6.003935e-003
5.007774972253668e-005	9.999900e-001	6.056634e-003
5.015549855530857e-005	9.999900e-001	6.163577e-003
5.031099622085236e-005	9.999900e-001	6.383752e-003
5.037356698243634e-005	9.999900e-001	6.471957e-003
5.043613774402033e-005	9.999900e-001	6.561559e-003
5.049870850560431e-005	9.999900e-001	6.652559e-003
5.056127926718829e-005	9.999900e-001	6.744955e-003
5.062385002877226e-005	9.999900e-001	6.838750e-003
5.068642079035625e-005	9.999900e-001	6.933941e-003
5.074899155194023e-005	9.999900e-001	7.030530e-003
5.078427726622602e-005	9.999900e-001	7.085057e-003
5.081956298051181e-005	9.999900e-001	7.139992e-003
5.085484869479760e-005	9.999900e-001	7.195336e-003
5.089013440908339e-005	9.999900e-001	7.251089e-003
5.092542012336918e-005	9.999900e-001	7.307251e-003
5.096070583765498e-005	9.999900e-001	7.363822e-003
5.099599155194077e-005	9.999900e-001	7.420802e-003
5.099642133023495e-005	9.999900e-001	7.421497e-003
5.099685110852912e-005	9.999900e-001	7.422193e-003
5.099728088682330e-005	9.999900e-001	7.422889e-003
5.099771066511747e-005	9.999900e-001	7.423585e-003
5.099814044341165e-005	9.999900e-001	7.424282e-003
5.099857022170583e-005	9.999900e-001	7.424978e-003
5.099900000000000e-005	9.999900e-001	7.425674e-003
5.100000000000000e-005	9.999900e-001	7.427295e-003
5.109086978633639e-005	9.999900e-001	7.576787e-003
5.118173957267279e-005	9.999900e-001	7.728576e-003
5.127260935900919e-005	9.999900e-001	7.882662e-003
5.136347914534559e-005	9.999900e-001	8.039045e-003
5.145434893168198e-005	9.999900e-001	8.197724e-003
5.154521871801838e-005	9.999900e-001	8.358701e-003
5.163608850435478e-005	9.999900e-001	8.521974e-003
5.177744917462970e-005	9.999900e-001	8.782347e-003
5.181278934219843e-005	9.999900e-001	8.848324e-003
5.188346967733589e-005	9.999900e-001	8.982505e-003
5.202483034761082e-005	9.999900e-001	9.257019e-003
5.230755168816068e-005	9.999900e-001	9.819926e-003
5.237823202329814e-005	9.999900e-001	9.964660e-003
5.251959269357306e-005	9.999900e-001	1.026356e-002
5.280231403412292e-005	9.999900e-001	1.088791e-002
5.336775671522262e-005	9.999900e-001	1.224317e-002
5.436775671522262e-005	9.999900e-001	1.483817e-002
5.455600000000000e-005	9.999900e-001	1.536733e-002
5.468115820622153e-005	9.999900e-001	1.573208e-002
5.480631641244305e-005	9.999900e-001	1.610437e-002
5.493147461866458e-005	9.999900e-001	1.648421e-002
5.505663282488610e-005	9.999900e-001	1.687158e-002
5.518179103110763e-005	9.999900e-001	1.726649e-002
5.530694923732916e-005	9.999900e-001	1.766895e-002
5.543210744355069e-005	9.999900e-001	1.807894e-002
5.555600000000000e-005	9.999900e-001	1.849113e-002
5.555614285714285e-005	9.991401e-001	1.849161e-002
5.555628571428571e-005	9.971033e-001	1.849209e-002
5.555642857142856e-005	9.938797e-001	1.849257e-002
5.555657142857143e-005	9.894692e-001	1.849305e-002
5.555671428571428e-005	9.838719e-001	1.849353e-002
5.555685714285714e-005	9.770877e-001	1.849401e-002
5.555700000000000e-005	9.691167e-001	1.849449e-002
5.555827067744576e-005	8.964828e-001	1.849875e-002
5.555954135489153e-005	8.291838e-001	1.850302e-002
5.556081203233730e-005	7.672196e-001	1.850729e-002
5.556208270978307e-005	7.105903e-001	1.851156e-002
5.556335338722883e-005	6.592958e-001	1.851583e-002
5.556462406467460e-005	6.133361e-001	1.852010e-002
5.556589474212037e-005	5.727113e-001	1.852438e-002
5.557480689078109e-005	3.545062e-001	1.855437e-002
5.559263118810254e-005	1.467411e-001	1.861450e-002
5.562827978274542e-005	2.160653e-002	1.873520e-002
5.567102770842369e-005	-1.271170e-003	1.888079e-002
5.574603893696862e-005	1.252425e-004	1.913892e-002
5.589214206516751e-005	-2.885317e-005	1.965140e-002
5.618434832156529e-005	5.228659e-006	2.070792e-002
5.656058748720444e-005	1.203118e-004	2.210599e-002
5.657458748720447e-005	5.473143e-005	2.215990e-002
5.659058748720451e-005	2.453762e-005	2.222166e-002
5.662258748720458e-005	5.409414e-006	2.234567e-002
5.668658748720472e-005	-8.603976e-009	2.259565e-002
5.681458748720500e-005	-6.245470e-010	2.310052e-002
5.688799999999944e-005	-1.265175e-009	2.339365e-002
5.692457142857095e-005	-1.224828e-009	2.354042e-002
5.696114285714246e-005	-1.137684e-009	2.368797e-002
5.699771428571397e-005	-1.003744e-009	2.383630e-002
5.703428571428547e-005	-8.230071e-010	2.398542e-002
5.707085714285698e-005	-5.954737e-010	2.413532e-002
5.710742857142849e-005	-3.211438e-010	2.428600e-002
5.714400000000000e-005	-1.721234e-014	2.443746e-002
5.714410000000000e-005	-1.722284e-014	2.443787e-002
5.714430000000000e-005	-1.724370e-014	2.443870e-002
5.714460000000000e-005	-1.727454e-014	2.443995e-002
5.714500000000000e-005	-1.731511e-014	2.444161e-002
5.714792000000001e-005	-1.756560e-014	2.445373e-002
5.715084000000002e-005	-1.778673e-014	2.446585e-002
5.715376000000003e-005	-1.797850e-014	2.447799e-002
5.715668000000003e-005	-1.814089e-014	2.449012e-002
5.715960000000004e-005	-1.827393e-014	2.450227e-002
5.716252000000004e-005	-1.837760e-014	2.451441e-002
5.716544000000005e-005	-1.845191e-014	2.452657e-002
5.723712000000021e-005	-1.935202e-014	2.482620e-002
5.727296000000029e-005	-1.955075e-014	2.497705e-002
5.729344000000033e-005	-1.966699e-014	2.506364e-002
5.733440000000042e-005	-1.989867e-014	2.523767e-002
5.741632000000060e-005	-2.035651e-014	2.558916e-002
5.758016000000096e-005	-2.124752e-014	2.630603e-002
5.790784000000168e-005	-2.292516e-014	2.779681e-002
5.856320000000311e-005	-2.589087e-014	3.098583e-002
5.956320000000311e-005	-2.953627e-014	3.631329e-002
6.056320000000311e-005	-3.204039e-014	4.223984e-002
6.156320000000311e-005	-3.324704e-014	4.886467e-002
6.256320000000311e-005	-3.323092e-014	5.617870e-002
6.328500000000000e-005	-3.257760e-014	6.183629e-002
6.328600000000002e-005	-3.257614e-014	6.184447e-002
6.328800000000004e-005	-3.257276e-014	6.186112e-002
6.329200000000007e-005	-3.256598e-014	6.189444e-002
6.330000000000014e-005	-3.255235e-014	6.196113e-002
6.331600000000029e-005	-3.252478e-014	6.209469e-002
6.341200000000115e-005	-3.235113e-014	6.290161e-002
6.354000000000230e-005	-3.209776e-014	6.399228e-002
6.379600000000459e-005	-3.155627e-014	6.619740e-002
6.379900000000461e-005	-3.154942e-014	6.622359e-002
6.380300000000465e-005	-3.154016e-014	6.625860e-002
6.381100000000472e-005	-3.152158e-014	6.632867e-002
6.392300000000572e-005	-3.125144e-014	6.731658e-002
6.405100000000687e-005	-3.092981e-014	6.845487e-002
6.405400000000689e-005	-3.092202e-014	6.848173e-002
6.405800000000693e-005	-3.091157e-014	6.851759e-002
6.417900000000801e-005	-3.058694e-014	6.960859e-002
6.418100000000802e-005	-3.058143e-014	6.962673e-002
6.428500000000000e-005	-3.028884e-014	7.057450e-002
6.428591250000001e-005	-3.028622e-014	7.058286e-002
6.428592343750001e-005	-3.028619e-014	7.058296e-002
6.428594531250000e-005	-3.028613e-014	7.058316e-002
6.428595078125001e-005	-3.028611e-014	7.058321e-002
6.428596171875001e-005	-3.028608e-014	7.058331e-002
6.428597812500002e-005	-3.028603e-014	7.058346e-002
6.428600000000000e-005	-3.028597e-014	7.058366e-002
6.429111968749699e-005	-3.027124e-014	7.063056e-002
6.429623937499398e-005	-3.025648e-014	7.067749e-002
6.430135906249097e-005	-3.024168e-014	7.072445e-002
6.430647874998795e-005	-3.022684e-014	7.077143e-002
6.431159843748494e-005	-3.021196e-014	7.081844e-002
6.431671812498194e-005	-3.019705e-014	7.086548e-002
6.432183781247892e-005	-3.018210e-014	7.091254e-002
6.435767781245783e-005	-3.007644e-014	7.124280e-002
6.442935781241566e-005	-2.985980e-014	7.190742e-002
6.457271781233132e-005	-2.940564e-014	7.325307e-002
6.463182066945024e-005	-2.921926e-014	7.380696e-002
6.469092352656918e-005	-2.902829e-014	7.436460e-002
6.475002638368810e-005	-2.883274e-014	7.492597e-002
6.480912924080702e-005	-2.863261e-014	7.549107e-002
6.486823209792594e-005	-2.842788e-014	7.605991e-002
6.492733495504487e-005	-2.821857e-014	7.663249e-002
6.498643781216379e-005	-2.800467e-014	7.720879e-002
6.502908955328325e-005	-2.784991e-014	7.762504e-002
6.507174129440271e-005	-2.769319e-014	7.804297e-002
6.511439303552217e-005	-2.753453e-014	7.846259e-002
6.515704477664162e-005	-2.737391e-014	7.888389e-002
6.519969651776108e-005	-2.721134e-014	7.930688e-002
6.524234825888054e-005	-2.704682e-014	7.973157e-002
6.528500000000000e-005	-2.688035e-014	8.015794e-002
6.528600000000000e-005	-2.687643e-014	8.016795e-002
6.539424571428412e-005	-2.644181e-014	8.126090e-002
6.550249142856823e-005	-2.599789e-014	8.236276e-002
6.561073714285235e-005	-2.554468e-014	8.347352e-002
6.571898285713647e-005	-2.508219e-014	8.459320e-002
6.582722857142059e-005	-2.461040e-014	8.572178e-002
6.593547428570470e-005	-2.412932e-014	8.685927e-002
6.604371999998882e-005	-2.363895e-014	8.800567e-002
6.608467999998822e-005	-2.344928e-014	8.844388e-002
6.616659999998701e-005	-2.306726e-014	8.932315e-002
6.618707999998671e-005	-2.297097e-014	8.954380e-002
6.622803999998610e-005	-2.277658e-014	8.998708e-002
6.630995999998489e-005	-2.238304e-014	9.087890e-002
6.634236571427028e-005	-2.222758e-014	9.123139e-002
6.637477142855568e-005	-2.207113e-014	9.158501e-002
6.640717714284106e-005	-2.191370e-014	9.193976e-002
6.643958285712645e-005	-2.175528e-014	9.229563e-002
6.647198857141183e-005	-2.159588e-014	9.265263e-002
6.650439428569723e-005	-2.143550e-014	9.301076e-002
6.653679999998262e-005	-2.127413e-014	9.337001e-002
6.666500000000000e-005	-2.062984e-014	9.479832e-002
6.666600000000000e-005	-2.062476e-014	9.480952e-002
6.666610000000000e-005	8.312275e-004	9.481063e-002
6.666630000000000e-005	4.036234e-003	9.481288e-002
6.666660000000000e-005	1.326891e-002	9.481624e-002
6.666700000000000e-005	3.103136e-002	9.482072e-002
6.666728000000001e-005	4.787848e-002	9.482385e-002
6.666760000000001e-005	6.669162e-002	9.482744e-002
6.666824000000001e-005	1.029508e-001	9.483460e-002
6.666952000000002e-005	1.703834e-001	9.484895e-002
6.667208000000002e-005	2.875582e-001	9.487763e-002
6.667720000000003e-005	4.674182e-001	9.493502e-002
6.668744000000005e-005	6.903694e-001	9.504989e-002
6.670792000000010e-005	8.873088e-001	9.527995e-002
6.674650244097213e-005	9.870803e-001	9.571431e-002
6.679245870370679e-005	1.001334e+000	9.623353e-002
6.687680260239773e-005	9.998333e-001	9.719251e-002
6.704549039977959e-005	1.000028e+000	9.913316e-002
6.738286599454331e-005	9.999763e-001	1.031035e-001
6.805761718407077e-005	9.999939e-001	1.113434e-001
6.905761718407076e-005	9.999897e-001	1.241423e-001
7.005761718407076e-005	9.999802e-001	1.375089e-001
7.043000000000000e-005	9.999947e-001	1.426580e-001
7.068523436814152e-005	9.999908e-001	1.462652e-001
7.091953126371697e-005	1.000025e+000	1.496087e-001
7.096140620884910e-005	1.000018e+000	1.502100e-001
7.104515609911335e-005	9.999878e-001	1.514189e-001
7.110013379924002e-005	9.999878e-001	1.522131e-001
7.115511149936668e-005	9.999879e-001	1.530089e-001
7.121008919949335e-005	9.999881e-001	1.538065e-001
7.126506689962000e-005	9.999884e-001	1.546059e-001
7.132004459974667e-005	9.999888e-001	1.554070e-001
7.137502229987333e-005	9.999893e-001	1.562098e-001
7.143000000000000e-005	9.999900e-001	1.570144e-001
7.143009999999999e-005	9.999900e-001	1.570159e-001
7.143029999999999e-005	9.999900e-001	1.570188e-001
7.143060000000000e-005	9.999900e-001	1.570232e-001
7.143100000000000e-005	9.999900e-001	1.570290e-001
7.143245714285714e-005	9.999900e-001	1.570504e-001
7.143391428571430e-005	9.999900e-001	1.570717e-001
7.143537142857144e-005	9.999900e-001	1.570931e-001
7.143682857142859e-005	9.999900e-001	1.571144e-001
7.143828571428573e-005	9.999900e-001	1.571358e-001
7.143974285714288e-005	9.999900e-001	1.571571e-001
7.144120000000002e-005	9.999900e-001	1.571785e-001
7.145144000000005e-005	9.999900e-001	1.573285e-001
7.147192000000010e-005	9.999900e-001	1.576289e-001
7.152312000000021e-005	9.999900e-001	1.583804e-001
7.154872000000027e-005	9.999900e-001	1.587567e-001
7.155896000000029e-005	9.999900e-001	1.589073e-001
7.157944000000034e-005	9.999900e-001	1.592087e-001
7.162040000000043e-005	9.999900e-001	1.598123e-001
7.170232000000060e-005	9.999900e-001	1.610225e-001
7.186616000000097e-005	9.999900e-001	1.634542e-001
7.219384000000169e-005	9.999900e-001	1.683585e-001
7.284920000000312e-005	9.999900e-001	1.782836e-001
7.384920000000312e-005	9.999900e-001	1.936028e-001
7.484920000000312e-005	9.999900e-001	2.090167e-001
7.584920000000312e-005	9.999900e-001	2.243712e-001
7.684920000000311e-005	9.999900e-001	2.395848e-001
7.685020000000312e-005	9.999900e-001	2.395999e-001
7.685220000000312e-005	9.999900e-001	2.396298e-001
7.685620000000313e-005	9.999900e-001	2.396897e-001
7.686420000000315e-005	9.999900e-001	2.398094e-001
7.688020000000318e-005	9.999900e-001	2.400488e-001
7.697620000000339e-005	9.999900e-001	2.414816e-001
7.710420000000367e-005	9.999900e-001	2.433829e-001
7.736020000000423e-005	9.999900e-001	2.471706e-001
7.736320000000424e-005	9.999900e-001	2.472148e-001
7.736720000000425e-005	9.999900e-001	2.472736e-001
7.739120000000430e-005	9.999900e-001	2.476263e-001
7.748720000000451e-005	9.999900e-001	2.490329e-001
7.761520000000479e-005	9.999900e-001	2.509025e-001
7.761820000000480e-005	9.999900e-001	2.509462e-001
7.763202857143266e-005	9.999900e-001	2.511473e-001
7.764585714286053e-005	9.999900e-001	2.513484e-001
7.765968571428839e-005	9.999900e-001	2.515494e-001
7.767351428571627e-005	9.999900e-001	2.517502e-001
7.768734285714413e-005	9.999900e-001	2.519510e-001
7.770117142857200e-005	9.999900e-001	2.521516e-001
7.771499999999986e-005	9.999900e-001	2.523522e-001
7.777800000000000e-005	9.999900e-001	2.532641e-001
7.777810000000001e-005	9.991588e-001	2.532655e-001
7.777830000000001e-005	9.959538e-001	2.532684e-001
7.777860000000000e-005	9.867211e-001	2.532727e-001
7.777900000000000e-005	9.689586e-001	2.532785e-001
7.777936000000000e-005	9.473942e-001	2.532837e-001
7.777972000000001e-005	9.263822e-001	2.532889e-001
7.778008000000001e-005	9.059224e-001	2.532941e-001
7.778044000000001e-005	8.860150e-001	2.532993e-001
7.778080000000001e-005	8.666599e-001	2.533045e-001
7.778116000000002e-005	8.478571e-001	2.533097e-001
7.778152000000002e-005	8.296066e-001	2.533149e-001
7.778408000000002e-005	7.124318e-001	2.533519e-001
7.778920000000002e-005	5.325719e-001	2.534259e-001
7.779944000000005e-005	3.096206e-001	2.535738e-001
7.781992000000010e-005	1.126812e-001	2.538692e-001
7.785850244097213e-005	1.290963e-002	2.544251e-001
7.790445870370679e-005	-1.343801e-003	2.550858e-001
7.798880260239772e-005	1.566202e-004	2.562934e-001
7.815749039977957e-005	3.981785e-005	2.586972e-001
7.823362440523629e-005	5.262864e-005	2.597753e-001
7.838689241614973e-005	7.688250e-005	2.619343e-001
7.840089241614976e-005	3.497486e-005	2.621304e-001
7.844889241614987e-005	3.456762e-006	2.628012e-001
7.857100000000000e-005	2.118314e-010	2.645006e-001
7.857182500000000e-005	2.011337e-010	2.645121e-001
7.857190000000000e-005	2.001886e-010	2.645131e-001
7.857200000000001e-005	1.989329e-010	2.645145e-001
7.857785156250041e-005	1.466060e-010	2.645956e-001
7.858370312500083e-005	1.033598e-010	2.646767e-001
7.858955468750123e-005	6.919420e-011	2.647577e-001
7.859540625000163e-005	4.410924e-011	2.648387e-001
7.860125781250204e-005	2.810493e-011	2.649197e-001
7.860710937500245e-005	2.118125e-011	2.650006e-001
7.861296093750285e-005	2.333821e-011	2.650815e-001
7.865392093750572e-005	3.195923e-012	2.656467e-001
7.873584093751145e-005	-2.890559e-013	2.667716e-001
7.889968093752291e-005	3.623616e-015	2.689991e-001
7.899558366073392e-005	5.123464e-014	2.703020e-001
7.909148638394494e-005	8.012841e-014	2.715952e-001
7.918738910715595e-005	9.030491e-014	2.728786e-001
7.928329183036697e-005	8.176416e-014	2.741522e-001
7.937919455357797e-005	5.450614e-014	2.754162e-001
7.947509727678899e-005	8.530852e-015	2.766704e-001
7.957100000000000e-005	-5.616169e-014	2.779149e-001
7.957200000000000e-005	-5.616541e-014	2.779278e-001
7.968024571428595e-005	-5.654380e-014	2.793165e-001
7.978849142857191e-005	-5.689843e-014	2.806937e-001
7.989673714285786e-005	-5.722931e-014	2.820594e-001
8.000498285714382e-005	-5.753643e-014	2.834136e-001
8.011322857142977e-005	-5.781979e-014	2.847564e-001
8.022147428571573e-005	-5.807939e-014	2.860876e-001
8.032972000000167e-005	-5.831524e-014	2.874073e-001
8.037068000000176e-005	-5.839258e-014	2.879004e-001
8.045260000000193e-005	-5.854068e-014	2.888833e-001
8.045516000000194e-005	-5.854511e-014	2.889140e-001
8.046028000000194e-005	-5.855369e-014	2.889750e-001
8.053196000000211e-005	-5.866575e-014	2.898259e-001
8.061388000000228e-005	-5.877561e-014	2.907885e-001
8.077772000000264e-005	-5.893716e-014	2.926817e-001
8.110540000000337e-005	-5.902907e-014	2.963345e-001
8.176076000000480e-005	-5.842004e-014	3.031436e-001
8.276076000000480e-005	-5.586625e-014	3.124103e-001
8.376076000000479e-005	-5.144186e-014	3.202032e-001
8.476176000000479e-005	-4.555716e-014	3.267379e-001
8.477576000000482e-005	-4.545595e-014	3.268105e-001
8.479176000000486e-005	-4.533981e-014	3.268930e-001
8.482376000000493e-005	-4.510603e-014	3.270562e-001
8.501576000000535e-005	-4.366206e-014	3.279858e-001
8.511565142857601e-005	-4.289833e-014	3.284557e-001
8.521554285714668e-005	-4.211973e-014	3.289059e-001
8.531543428571734e-005	-4.132628e-014	3.293363e-001
8.541532571428801e-005	-4.051797e-014	3.297469e-001
8.551521714285868e-005	-3.969479e-014	3.301378e-001
8.561510857142934e-005	-3.885675e-014	3.305089e-001
8.571500000000000e-005	-3.800386e-014	3.308602e-001
8.571600000000000e-005	-3.799528e-014	3.308636e-001
8.571610000000001e-005	-3.799442e-014	3.308639e-001
8.571630000000001e-005	-3.799270e-014	3.308646e-001
8.571660000000001e-005	-3.799012e-014	3.308657e-001
8.571700000000001e-005	-3.798669e-014	3.308670e-001
8.571845714285715e-005	-3.797418e-014	3.308720e-001
8.571991428571430e-005	-3.796166e-014	3.308770e-001
8.572137142857144e-005	-3.794914e-014	3.308820e-001
8.572282857142859e-005	-3.793662e-014	3.308870e-001
8.572428571428574e-005	-3.792409e-014	3.308920e-001
8.572574285714289e-005	-3.791156e-014	3.308969e-001
8.572720000000003e-005	-3.789903e-014	3.309019e-001
8.573744000000005e-005	-3.781086e-014	3.309367e-001
8.575792000000010e-005	-3.763402e-014	3.310055e-001
8.580912000000022e-005	-3.719029e-014	3.311750e-001
8.583472000000027e-005	-3.696714e-014	3.312578e-001
8.584496000000030e-005	-3.687759e-014	3.312905e-001
8.586544000000035e-005	-3.669803e-014	3.313552e-001
8.590640000000044e-005	-3.633702e-014	3.314815e-001
8.598832000000061e-005	-3.560759e-014	3.317223e-001
8.615216000000097e-005	-3.412060e-014	3.321562e-001
8.647984000000170e-005	-3.104588e-014	3.328336e-001
8.713520000000313e-005	-2.462191e-014	3.335662e-001
8.800000000000000e-005	-1.585444e-014	3.337809e-001
