time	V(faa_in)	V(output)
0.000000000000000e+000	1.097053e-015	1.474701e-004
9.999999960041972e-012	2.218989e-009	1.474701e-004
1.999999992008394e-011	5.916188e-009	1.474701e-004
3.999999984016789e-011	1.951284e-008	1.474701e-004
7.999999968033578e-011	7.263728e-008	1.474701e-004
1.599999993606716e-010	2.844797e-007	1.474701e-004
3.199999987213431e-010	1.126597e-006	1.474701e-004
6.399999974426862e-010	4.079320e-006	1.474701e-004
1.000000000000000e-009	8.693811e-006	1.474701e-004
1.653142861782556e-009	2.513036e-005	1.474701e-004
2.306285723565111e-009	4.884510e-005	1.474701e-004
2.959428585347666e-009	7.983802e-005	1.474701e-004
3.612571447130222e-009	1.181091e-004	1.474701e-004
4.265714308912778e-009	1.636584e-004	1.474701e-004
4.918857170695333e-009	2.164859e-004	1.474701e-004
5.572000032477887e-009	2.765916e-004	1.474701e-004
1.018000006521150e-008	8.364823e-004	1.474701e-004
1.939600013067874e-008	2.483789e-003	1.474701e-004
3.782800026161321e-008	6.799947e-003	1.474701e-004
7.469200052348216e-008	1.663308e-002	1.474701e-004
1.023400007198839e-007	2.442523e-002	1.474701e-004
1.392040009817528e-007	3.485084e-002	1.474701e-004
1.484200010472200e-007	3.745534e-002	1.474701e-004
1.668520011781545e-007	4.266198e-002	1.474701e-004
2.037160014400235e-007	5.307028e-002	1.474701e-004
2.774440019637613e-007	7.385883e-002	1.474701e-004
4.249000030112371e-007	1.152644e-001	1.474701e-004
7.198120051061886e-007	1.969213e-001	1.474701e-004
1.309636009296092e-006	3.530467e-001	1.474701e-004
2.309636009296092e-006	5.919917e-001	1.474701e-004
3.309636009296092e-006	7.864196e-001	1.474703e-004
4.309636009296091e-006	9.280778e-001	1.474708e-004
4.797360674059767e-006	9.726773e-001	1.474713e-004
5.160780668707265e-006	9.905916e-001	1.474720e-004
5.528938447578297e-006	9.973342e-001	1.474731e-004
5.878995645219628e-006	9.924767e-001	1.474746e-004
6.416269232580942e-006	9.715984e-001	1.474779e-004
6.422269232580940e-006	9.711921e-001	1.474779e-004
6.524945056497949e-006	9.638024e-001	1.474788e-004
6.627620880414957e-006	9.556344e-001	1.474797e-004
6.730296704331965e-006	9.466881e-001	1.474808e-004
6.832972528248974e-006	9.369635e-001	1.474820e-004
6.935648352165983e-006	9.264605e-001	1.474833e-004
7.038324176082992e-006	9.151792e-001	1.474847e-004
7.141000000000000e-006	9.031196e-001	1.474863e-004
7.141825000000000e-006	9.030194e-001	1.474863e-004
7.141899999999999e-006	9.030103e-001	1.474863e-004
7.142000000000000e-006	9.029981e-001	1.474863e-004
7.142001250000001e-006	9.029980e-001	1.474863e-004
7.142002187500000e-006	9.029979e-001	1.474863e-004
7.142005937500000e-006	9.029974e-001	1.474863e-004
7.142020937500001e-006	9.029956e-001	1.474863e-004
7.142080937500001e-006	9.029883e-001	1.474863e-004
7.268640803571421e-006	8.868569e-001	1.474883e-004
7.395200669642842e-006	8.696896e-001	1.474907e-004
7.521760535714263e-006	8.514863e-001	1.474934e-004
7.648320401785683e-006	8.322470e-001	1.474963e-004
7.774880267857103e-006	8.119718e-001	1.474996e-004
7.901440133928524e-006	7.906606e-001	1.475032e-004
8.027999999999944e-006	7.683134e-001	1.475070e-004
8.141000000000001e-006	7.474774e-001	1.475109e-004
8.141999999999999e-006	7.472895e-001	1.475109e-004
8.266977142856887e-006	7.230542e-001	1.475157e-004
8.391954285713776e-006	6.980672e-001	1.475209e-004
8.516931428570663e-006	6.723284e-001	1.475267e-004
8.641908571427550e-006	6.458378e-001	1.475330e-004
8.766885714284439e-006	6.185956e-001	1.475399e-004
8.891862857141326e-006	5.906015e-001	1.475473e-004
9.016839999998214e-006	5.618558e-001	1.475553e-004
9.018119999998212e-006	5.615564e-001	1.475554e-004
9.018439999998210e-006	5.614815e-001	1.475554e-004
9.019079999998209e-006	5.613317e-001	1.475554e-004
9.020359999998208e-006	5.610322e-001	1.475555e-004
9.022919999998202e-006	5.604328e-001	1.475557e-004
9.028039999998191e-006	5.592328e-001	1.475560e-004
9.038279999998170e-006	5.568286e-001	1.475568e-004
9.058759999998129e-006	5.520027e-001	1.475582e-004
9.099719999998045e-006	5.422826e-001	1.475611e-004
9.181639999997877e-006	5.225770e-001	1.475673e-004
9.345479999997543e-006	4.821756e-001	1.475812e-004
9.673159999996874e-006	3.979990e-001	1.476157e-004
1.032851999999554e-005	2.213688e-001	1.477162e-004
1.132851999999554e-005	-5.577905e-002	1.479600e-004
1.232851999999554e-005	-3.265678e-001	1.483598e-004
1.332851999999554e-005	-5.829799e-001	1.489178e-004
1.332951999999554e-005	-5.832205e-001	1.489185e-004
1.333151999999554e-005	-5.836832e-001	1.489200e-004
1.333551999999554e-005	-5.846065e-001	1.489231e-004
1.334351999999555e-005	-5.864466e-001	1.489292e-004
1.335951999999555e-005	-5.901080e-001	1.489415e-004
1.339151999999557e-005	-5.973744e-001	1.489664e-004
1.345551999999560e-005	-6.117119e-001	1.490175e-004
1.358351999999566e-005	-6.396067e-001	1.491253e-004
1.383951999999579e-005	-6.939153e-001	1.493515e-004
1.384051999999579e-005	-6.941223e-001	1.493524e-004
1.384251999999579e-005	-6.945294e-001	1.493543e-004
1.384651999999580e-005	-6.953427e-001	1.493581e-004
1.385451999999580e-005	-6.969656e-001	1.493657e-004
1.387051999999581e-005	-7.001975e-001	1.493810e-004
1.390251999999582e-005	-7.066066e-001	1.494119e-004
1.396651999999586e-005	-7.192042e-001	1.494754e-004
1.409451999999592e-005	-7.439840e-001	1.496054e-004
1.409551999999592e-005	-7.441748e-001	1.496065e-004
1.409751999999592e-005	-7.445524e-001	1.496086e-004
1.410151999999592e-005	-7.453066e-001	1.496128e-004
1.410951999999593e-005	-7.468114e-001	1.496212e-004
1.412551999999593e-005	-7.498065e-001	1.496382e-004
1.415751999999595e-005	-7.557386e-001	1.496726e-004
1.422151999999598e-005	-7.674933e-001	1.497421e-004
1.422251999999598e-005	-7.676755e-001	1.497432e-004
1.422451999999598e-005	-7.680376e-001	1.497454e-004
1.422851999999599e-005	-7.687610e-001	1.497498e-004
1.423651999999599e-005	-7.702041e-001	1.497587e-004
1.425251999999600e-005	-7.730830e-001	1.497765e-004
1.425399999999998e-005	-7.733487e-001	1.497782e-004
1.425696000000796e-005	-7.738788e-001	1.497815e-004
1.426288000002390e-005	-7.749369e-001	1.497882e-004
1.427472000005579e-005	-7.770492e-001	1.498015e-004
1.427572000005579e-005	-7.772273e-001	1.498026e-004
1.427772000005579e-005	-7.775829e-001	1.498049e-004
1.428172000005580e-005	-7.782936e-001	1.498094e-004
1.428272000005580e-005	-7.784711e-001	1.498105e-004
1.428400000000000e-005	-7.786982e-001	1.498120e-004
1.428500000000000e-005	-7.788756e-001	1.498131e-004
1.428600000000000e-005	-7.790529e-001	1.498142e-004
1.428610000000000e-005	-7.790706e-001	1.498144e-004
1.428630000000000e-005	-7.791061e-001	1.498146e-004
1.428660000000000e-005	-7.791592e-001	1.498149e-004
1.428700000000000e-005	-7.792301e-001	1.498154e-004
1.428772571428572e-005	-7.793587e-001	1.498162e-004
1.428845142857143e-005	-7.794872e-001	1.498170e-004
1.428917714285715e-005	-7.796157e-001	1.498178e-004
1.428990285714286e-005	-7.797442e-001	1.498187e-004
1.429062857142858e-005	-7.798726e-001	1.498195e-004
1.429135428571430e-005	-7.800009e-001	1.498203e-004
1.429208000000001e-005	-7.801293e-001	1.498211e-004
1.429720000000002e-005	-7.810335e-001	1.498270e-004
1.430744000000005e-005	-7.828357e-001	1.498387e-004
1.432792000000009e-005	-7.864155e-001	1.498622e-004
1.436888000000018e-005	-7.935214e-001	1.499098e-004
1.437912000000020e-005	-7.952829e-001	1.499218e-004
1.440472000000026e-005	-7.996527e-001	1.499520e-004
1.441496000000028e-005	-8.013854e-001	1.499643e-004
1.443544000000033e-005	-8.048255e-001	1.499889e-004
1.447640000000042e-005	-8.116034e-001	1.500388e-004
1.455832000000060e-005	-8.247457e-001	1.501419e-004
1.472216000000095e-005	-8.493327e-001	1.503609e-004
1.504984000000167e-005	-8.914064e-001	1.508556e-004
1.570520000000311e-005	-9.576327e-001	1.519929e-004
1.605828697008342e-005	-9.816992e-001	1.527068e-004
1.645305840930659e-005	-9.941972e-001	1.536399e-004
1.692052418819276e-005	-9.931332e-001	1.549104e-004
1.741322398497294e-005	-9.710921e-001	1.564984e-004
1.821215747177258e-005	-8.936322e-001	1.596633e-004
1.921215747177258e-005	-7.399648e-001	1.646346e-004
2.021215747177258e-005	-5.394307e-001	1.706180e-004
2.042700000000000e-005	-4.891212e-001	1.721153e-004
2.085768505645484e-005	-3.804934e-001	1.753961e-004
2.085968505645484e-005	-3.799678e-001	1.754122e-004
2.094073004838986e-005	-3.586159e-001	1.760727e-004
2.102177504032488e-005	-3.371130e-001	1.767448e-004
2.110282003225991e-005	-3.154591e-001	1.774284e-004
2.118386502419493e-005	-2.936543e-001	1.781236e-004
2.126491001612996e-005	-2.716985e-001	1.788302e-004
2.134595500806498e-005	-2.495917e-001	1.795485e-004
2.142700000000000e-005	-2.273339e-001	1.802783e-004
2.142782500000000e-005	-2.271067e-001	1.802858e-004
2.142790000000000e-005	-2.270861e-001	1.802865e-004
2.142800000000000e-005	-2.270585e-001	1.802874e-004
2.142800125000000e-005	-2.270582e-001	1.802874e-004
2.142800218750000e-005	-2.270579e-001	1.802874e-004
2.142800593750000e-005	-2.270569e-001	1.802874e-004
2.142809665178571e-005	-2.270319e-001	1.802883e-004
2.142818736607142e-005	-2.270070e-001	1.802891e-004
2.142827808035713e-005	-2.269820e-001	1.802899e-004
2.142836879464285e-005	-2.269570e-001	1.802907e-004
2.142845950892856e-005	-2.269320e-001	1.802915e-004
2.142855022321428e-005	-2.269070e-001	1.802924e-004
2.142864093749999e-005	-2.268821e-001	1.802932e-004
2.153117236607001e-005	-1.984664e-001	1.812416e-004
2.163370379464004e-005	-1.699543e-001	1.822079e-004
2.173623522321006e-005	-1.413455e-001	1.831922e-004
2.183876665178008e-005	-1.126402e-001	1.841945e-004
2.194129808035011e-005	-8.383840e-002	1.852149e-004
2.204382950892013e-005	-5.494001e-002	1.862531e-004
2.214636093749015e-005	-2.594507e-002	1.873094e-004
2.218645223213442e-005	-1.460749e-002	1.877305e-004
2.222654352677868e-005	-3.272039e-003	1.881548e-004
2.226663482142294e-005	8.061275e-003	1.885823e-004
2.230672611606721e-005	1.939245e-002	1.890131e-004
2.234681741071147e-005	3.072150e-002	1.894472e-004
2.238690870535574e-005	4.204840e-002	1.898845e-004
2.242700000000000e-005	5.337318e-002	1.903251e-004
2.242800000000000e-005	5.365551e-002	1.903362e-004
2.255288571428652e-005	8.894162e-002	1.917372e-004
2.267777142857303e-005	1.240217e-001	1.931688e-004
2.280265714285955e-005	1.588959e-001	1.946309e-004
2.292754285714607e-005	1.935640e-001	1.961236e-004
2.305242857143258e-005	2.280261e-001	1.976468e-004
2.317731428571910e-005	2.622823e-001	1.992005e-004
2.330220000000562e-005	2.963324e-001	2.007848e-004
2.330284000000562e-005	2.965052e-001	2.007930e-004
2.330412000000563e-005	2.968508e-001	2.008095e-004
2.330668000000565e-005	2.975419e-001	2.008425e-004
2.331180000000568e-005	2.989234e-001	2.009085e-004
2.332204000000574e-005	3.016840e-001	2.010407e-004
2.334252000000588e-005	3.071957e-001	2.013060e-004
2.338348000000614e-005	3.181793e-001	2.018400e-004
2.346540000000667e-005	3.399781e-001	2.029218e-004
2.362924000000772e-005	3.828262e-001	2.051410e-004
2.395692000000983e-005	4.649381e-001	2.098055e-004
2.461228000001404e-005	6.135204e-001	2.199422e-004
2.561228000001404e-005	7.995167e-001	2.371578e-004
2.661228000001404e-005	9.366385e-001	2.562136e-004
2.704956070997683e-005	9.747667e-001	2.652856e-004
2.742024108552755e-005	9.914870e-001	2.734706e-004
2.781729712319518e-005	9.971181e-001	2.826132e-004
2.817546067687440e-005	9.941525e-001	2.911035e-004
2.817646067687439e-005	9.941291e-001	2.911277e-004
2.817846067687439e-005	9.940677e-001	2.911764e-004
2.818246067687439e-005	9.939439e-001	2.912740e-004
2.819046067687438e-005	9.936914e-001	2.914692e-004
2.820646067687436e-005	9.931672e-001	2.918603e-004
2.823846067687432e-005	9.920427e-001	2.926447e-004
2.830246067687424e-005	9.894896e-001	2.942227e-004
2.843046067687409e-005	9.838140e-001	2.973958e-004
2.843146067687409e-005	9.837658e-001	2.974207e-004
2.843346067687409e-005	9.836641e-001	2.974707e-004
2.843746067687408e-005	9.834595e-001	2.975707e-004
2.844546067687407e-005	9.830456e-001	2.977707e-004
2.846146067687405e-005	9.821991e-001	2.981715e-004
2.849346067687401e-005	9.804617e-001	2.989744e-004
2.850800000000008e-005	9.796462e-001	2.993400e-004
2.853707864625220e-005	9.779716e-001	3.000725e-004
2.853807864625220e-005	9.779131e-001	3.000977e-004
2.854007864625220e-005	9.777946e-001	3.001481e-004
2.854407864625219e-005	9.775567e-001	3.002491e-004
2.855207864625218e-005	9.770779e-001	3.004512e-004
2.855600000000002e-005	9.768414e-001	3.005503e-004
2.856384270749569e-005	9.763652e-001	3.007486e-004
2.856484270749569e-005	9.763042e-001	3.007739e-004
2.856684270749569e-005	9.761817e-001	3.008245e-004
2.856800000000001e-005	9.761107e-001	3.008537e-004
2.856968541499137e-005	9.760070e-001	3.008964e-004
2.857068541499137e-005	9.759455e-001	3.009217e-004
2.857100000000000e-005	9.759262e-001	3.009297e-004
2.857137082998273e-005	9.759033e-001	3.009390e-004
2.857200000000000e-005	9.758645e-001	3.009550e-004
2.857206291700173e-005	9.758606e-001	3.009566e-004
2.857218875100518e-005	9.758528e-001	3.009598e-004
2.857260915393436e-005	9.758269e-001	3.009704e-004
2.857277502010365e-005	9.758166e-001	3.009746e-004
2.857300000000000e-005	9.758027e-001	3.009803e-004
2.857464235324338e-005	9.757011e-001	3.010219e-004
2.857628470648675e-005	9.755992e-001	3.010635e-004
2.857792705973013e-005	9.754970e-001	3.011051e-004
2.857956941297350e-005	9.753946e-001	3.011467e-004
2.858121176621688e-005	9.752919e-001	3.011883e-004
2.858285411946025e-005	9.751890e-001	3.012299e-004
2.858449647270363e-005	9.750858e-001	3.012715e-004
2.859601544339689e-005	9.743546e-001	3.015638e-004
2.861905338478342e-005	9.728535e-001	3.021493e-004
2.867664823824974e-005	9.689729e-001	3.036172e-004
2.868292196335946e-005	9.685340e-001	3.037776e-004
2.868919568846919e-005	9.680921e-001	3.039381e-004
2.869546941357891e-005	9.676471e-001	3.040987e-004
2.870174313868864e-005	9.671991e-001	3.042594e-004
2.870801686379836e-005	9.667479e-001	3.044202e-004
2.871429058890808e-005	9.662937e-001	3.045810e-004
2.872056431401781e-005	9.658364e-001	3.047420e-004
2.872200418535446e-005	9.657308e-001	3.047789e-004
2.872488392802778e-005	9.655191e-001	3.048528e-004
2.873064341337441e-005	9.650933e-001	3.050008e-004
2.874216238406768e-005	9.642317e-001	3.052969e-004
2.876520032545420e-005	9.624702e-001	3.058905e-004
2.881127620822726e-005	9.587942e-001	3.070821e-004
2.890342797377337e-005	9.508358e-001	3.094840e-004
2.908773150486559e-005	9.325324e-001	3.143615e-004
2.945633856705004e-005	8.867646e-001	3.244067e-004
3.019355269141893e-005	7.673048e-001	3.454323e-004
3.119355269141893e-005	5.611123e-001	3.756070e-004
3.219355269141893e-005	3.146304e-001	4.076693e-004
3.319355269141892e-005	4.316277e-002	4.416324e-004
3.419355269141892e-005	-2.344517e-001	4.771916e-004
3.471300000000001e-005	-3.761047e-001	4.962435e-004
3.471400000000001e-005	-3.763698e-001	4.962808e-004
3.471600000000001e-005	-3.768927e-001	4.963560e-004
3.472000000000002e-005	-3.779383e-001	4.965063e-004
3.472800000000004e-005	-3.800288e-001	4.968072e-004
3.474400000000007e-005	-3.842043e-001	4.974094e-004
3.477600000000014e-005	-3.925281e-001	4.986154e-004
3.484000000000028e-005	-4.090534e-001	5.010345e-004
3.496800000000056e-005	-4.415720e-001	5.059016e-004
3.522400000000113e-005	-5.055816e-001	5.156900e-004
3.522500000000113e-005	-5.058280e-001	5.157284e-004
3.522700000000113e-005	-5.063159e-001	5.158055e-004
3.523100000000114e-005	-5.072911e-001	5.159597e-004
3.523900000000116e-005	-5.092387e-001	5.162683e-004
3.525500000000119e-005	-5.131233e-001	5.168859e-004
3.528700000000126e-005	-5.208520e-001	5.181229e-004
3.535100000000140e-005	-5.361453e-001	5.206047e-004
3.547900000000168e-005	-5.664212e-001	5.255827e-004
3.548000000000169e-005	-5.666556e-001	5.256217e-004
3.548200000000169e-005	-5.671214e-001	5.256998e-004
3.548600000000170e-005	-5.680524e-001	5.258560e-004
3.549400000000172e-005	-5.699115e-001	5.261687e-004
3.551000000000175e-005	-5.736185e-001	5.267946e-004
3.554200000000182e-005	-5.809880e-001	5.280481e-004
3.560600000000196e-005	-5.956426e-001	5.305592e-004
3.560900000000197e-005	-5.963244e-001	5.306771e-004
3.561300000000198e-005	-5.972316e-001	5.308344e-004
3.562100000000200e-005	-5.990431e-001	5.311492e-004
3.563700000000203e-005	-6.026546e-001	5.317793e-004
3.566900000000210e-005	-6.098555e-001	5.330404e-004
3.567200000000211e-005	-6.105278e-001	5.331588e-004
3.568400000000213e-005	-6.132102e-001	5.336325e-004
3.569799999999997e-005	-6.163334e-001	5.341855e-004
3.570499999999998e-005	-6.178907e-001	5.344622e-004
3.571300000000000e-005	-6.196676e-001	5.347785e-004
3.571382500000001e-005	-6.198506e-001	5.348111e-004
3.571390000000000e-005	-6.198673e-001	5.348140e-004
3.571400000000000e-005	-6.198894e-001	5.348180e-004
3.571400156250001e-005	-6.198898e-001	5.348180e-004
3.571400343750000e-005	-6.198902e-001	5.348182e-004
3.571401093750000e-005	-6.198919e-001	5.348184e-004
3.571402093750000e-005	-6.198941e-001	5.348189e-004
3.571404093750000e-005	-6.198986e-001	5.348196e-004
3.576084665178582e-005	-6.302193e-001	5.366736e-004
3.580765236607164e-005	-6.403938e-001	5.385340e-004
3.585445808035745e-005	-6.504220e-001	5.404008e-004
3.590126379464328e-005	-6.603041e-001	5.422740e-004
3.594806950892909e-005	-6.700399e-001	5.441536e-004
3.599487522321491e-005	-6.796294e-001	5.460397e-004
3.604168093750072e-005	-6.890728e-001	5.479321e-004
3.613758366071491e-005	-7.087499e-001	5.517948e-004
3.623348638392909e-005	-7.278182e-001	5.556846e-004
3.632938910714327e-005	-7.462775e-001	5.596012e-004
3.642529183035745e-005	-7.641279e-001	5.635449e-004
3.652119455357164e-005	-7.813695e-001	5.675155e-004
3.661709727678581e-005	-7.980021e-001	5.715131e-004
3.671300000000000e-005	-8.140259e-001	5.755377e-004
3.671400000000000e-005	-8.141901e-001	5.755798e-004
3.683852000000133e-005	-8.339083e-001	5.808532e-004
3.696304000000266e-005	-8.526269e-001	5.861795e-004
3.708756000000399e-005	-8.703458e-001	5.915585e-004
3.721208000000531e-005	-8.870650e-001	5.969903e-004
3.733660000000665e-005	-9.027847e-001	6.024749e-004
3.746112000000797e-005	-9.175046e-001	6.080124e-004
3.758564000000930e-005	-9.312249e-001	6.136026e-004
3.758820000000933e-005	-9.314883e-001	6.137185e-004
3.759332000000939e-005	-9.320132e-001	6.139506e-004
3.760356000000949e-005	-9.330555e-001	6.144150e-004
3.762404000000971e-005	-9.351107e-001	6.153458e-004
3.766500000001015e-005	-9.391032e-001	6.172142e-004
3.774692000001102e-005	-9.466130e-001	6.209804e-004
3.791076000001277e-005	-9.597075e-001	6.286385e-004
3.823844000001626e-005	-9.801199e-001	6.443587e-004
3.857485907449009e-005	-9.924904e-001	6.611742e-004
3.904404756956934e-005	-9.951737e-001	6.859346e-004
3.947483870919602e-005	-9.811137e-001	7.105400e-004
4.017465327870314e-005	-9.233359e-001	7.558785e-004
4.117465327870314e-005	-7.898989e-001	8.312843e-004
4.185800000000001e-005	-6.711549e-001	8.900375e-004
4.185900000000001e-005	-6.709551e-001	8.901321e-004
4.186100000000001e-005	-6.705358e-001	8.903291e-004
4.186500000000002e-005	-6.696965e-001	8.907235e-004
4.187300000000004e-005	-6.680142e-001	8.915139e-004
4.188900000000007e-005	-6.646366e-001	8.931007e-004
4.192100000000014e-005	-6.578298e-001	8.962993e-004
4.198500000000028e-005	-6.440172e-001	9.027975e-004
4.211300000000056e-005	-6.156271e-001	9.162159e-004
4.236900000000113e-005	-5.574439e-001	9.438574e-004
4.237000000000113e-005	-5.572120e-001	9.439681e-004
4.237200000000113e-005	-5.567421e-001	9.441934e-004
4.237600000000114e-005	-5.558016e-001	9.446444e-004
4.238400000000116e-005	-5.539182e-001	9.455482e-004
4.240000000000119e-005	-5.501414e-001	9.473632e-004
4.243200000000126e-005	-5.425469e-001	9.510225e-004
4.249600000000140e-005	-5.271955e-001	9.584610e-004
4.262400000000168e-005	-4.961911e-001	9.735649e-004
4.262500000000169e-005	-4.959468e-001	9.736845e-004
4.262700000000169e-005	-4.954556e-001	9.739258e-004
4.263100000000170e-005	-4.944726e-001	9.744088e-004
4.263900000000172e-005	-4.925042e-001	9.753768e-004
4.265500000000175e-005	-4.885582e-001	9.773207e-004
4.268700000000182e-005	-4.806294e-001	9.812404e-004
4.275100000000196e-005	-4.647028e-001	9.891401e-004
4.275200000000197e-005	-4.644530e-001	9.892643e-004
4.275400000000197e-005	-4.639521e-001	9.895142e-004
4.275800000000198e-005	-4.629497e-001	9.900141e-004
4.276600000000200e-005	-4.609427e-001	9.910160e-004
4.278200000000203e-005	-4.569200e-001	9.930282e-004
4.281400000000210e-005	-4.488579e-001	9.970680e-004
4.281500000000210e-005	-4.486055e-001	9.971947e-004
4.281700000000211e-005	-4.481000e-001	9.974488e-004
4.282100000000212e-005	-4.470884e-001	9.979573e-004
4.282900000000213e-005	-4.450634e-001	9.989765e-004
4.284199999999997e-005	-4.417697e-001	1.000635e-003
4.284299999999997e-005	-4.415162e-001	1.000763e-003
4.284499999999997e-005	-4.410087e-001	1.001019e-003
4.284899999999998e-005	-4.399934e-001	1.001531e-003
4.284999999999998e-005	-4.397395e-001	1.001660e-003
4.285199999999998e-005	-4.392315e-001	1.001916e-003
4.285400000000001e-005	-4.387235e-001	1.002173e-003
4.285500000000001e-005	-4.384694e-001	1.002301e-003
4.285600000000000e-005	-4.382153e-001	1.002429e-003
4.285700000000000e-005	-4.379611e-001	1.002558e-003
4.285800000000000e-005	-4.377069e-001	1.002686e-003
4.285810000000000e-005	-4.376815e-001	1.002699e-003
4.285830000000000e-005	-4.376307e-001	1.002725e-003
4.285860000000000e-005	-4.375544e-001	1.002763e-003
4.285900000000000e-005	-4.374527e-001	1.002815e-003
4.286045714285715e-005	-4.370822e-001	1.003002e-003
4.286191428571430e-005	-4.367116e-001	1.003189e-003
4.286337142857145e-005	-4.363409e-001	1.003377e-003
4.286482857142859e-005	-4.359701e-001	1.003564e-003
4.286628571428573e-005	-4.355992e-001	1.003752e-003
4.286774285714288e-005	-4.352282e-001	1.003940e-003
4.286920000000003e-005	-4.348571e-001	1.004128e-003
4.287944000000005e-005	-4.322468e-001	1.005450e-003
4.289992000000010e-005	-4.270127e-001	1.008110e-003
4.295112000000021e-005	-4.138834e-001	1.014805e-003
4.297672000000026e-005	-4.072850e-001	1.018190e-003
4.298696000000029e-005	-4.046379e-001	1.019553e-003
4.300744000000033e-005	-3.993312e-001	1.022291e-003
4.304840000000042e-005	-3.886682e-001	1.027828e-003
4.313032000000060e-005	-3.671549e-001	1.039139e-003
4.329416000000096e-005	-3.234558e-001	1.062765e-003
4.362184000000168e-005	-2.339950e-001	1.114410e-003
4.427720000000311e-005	-5.153007e-002	1.235327e-003
4.527720000000311e-005	2.243305e-001	1.463522e-003
4.627720000000311e-005	4.816111e-001	1.755802e-003
4.727720000000311e-005	7.006459e-001	2.132679e-003
4.827720000000310e-005	8.690730e-001	2.602865e-003
4.899900000000001e-005	9.583032e-001	2.998317e-003
4.913724925648836e-005	9.689487e-001	3.085091e-003
4.932158159847283e-005	9.796537e-001	3.206932e-003
4.963033531603107e-005	9.940363e-001	3.417386e-003
4.963133531603108e-005	9.940731e-001	3.418085e-003
4.963333531603110e-005	9.941343e-001	3.419506e-003
4.963733531603113e-005	9.942554e-001	3.422351e-003
4.964533531603120e-005	9.944928e-001	3.428049e-003
4.966133531603135e-005	9.949483e-001	3.439480e-003
4.975733531603221e-005	9.971634e-001	3.509025e-003
4.987099999999886e-005	9.991383e-001	3.592573e-003
4.987399999999889e-005	9.991748e-001	3.594808e-003
4.987799999999892e-005	9.992191e-001	3.597795e-003
4.990199999999914e-005	9.994510e-001	3.615784e-003
4.993399999999942e-005	9.997110e-001	3.639861e-003
4.993699999999945e-005	9.997308e-001	3.642127e-003
4.999900000000000e-005	9.999684e-001	3.689283e-003
4.999982500000000e-005	9.999695e-001	3.689914e-003
4.999990000000001e-005	9.999696e-001	3.689972e-003
5.000000000000000e-005	9.999697e-001	3.690048e-003
5.000000125000000e-005	9.999698e-001	3.690049e-003
5.000000156250000e-005	9.999698e-001	3.690049e-003
5.000000218750000e-005	9.999698e-001	3.690050e-003
5.000000343750000e-005	9.999698e-001	3.690051e-003
5.000000593750000e-005	9.999698e-001	3.690053e-003
5.000001093750000e-005	9.999698e-001	3.690057e-003
5.000002093750000e-005	9.999698e-001	3.690064e-003
5.000016093750000e-005	9.999700e-001	3.690171e-003
5.001184093750003e-005	9.999778e-001	3.699125e-003
5.002352093750005e-005	9.999720e-001	3.708106e-003
5.003520093750008e-005	9.999526e-001	3.717112e-003
5.004688093750011e-005	9.999196e-001	3.726145e-003
5.005856093750013e-005	9.998729e-001	3.735204e-003
5.007024093750016e-005	9.998126e-001	3.744289e-003
5.008192093750018e-005	9.997387e-001	3.753401e-003
5.016384093750036e-005	9.988375e-001	3.818057e-003
5.032768093750072e-005	9.950307e-001	3.951363e-003
5.042358366071491e-005	9.926360e-001	4.029632e-003
5.051948638392909e-005	9.894475e-001	4.109568e-003
5.061538910714327e-005	9.854651e-001	4.191169e-003
5.071129183035746e-005	9.806890e-001	4.274438e-003
5.080719455357164e-005	9.751190e-001	4.359372e-003
5.090309727678582e-005	9.687553e-001	4.445974e-003
5.099900000000000e-005	9.615977e-001	4.534241e-003
5.100000000000000e-005	9.615201e-001	4.535169e-003
5.104680571428582e-005	9.577778e-001	4.578821e-003
5.109361142857163e-005	9.538295e-001	4.622955e-003
5.114041714285745e-005	9.496751e-001	4.667569e-003
5.118722285714327e-005	9.453146e-001	4.712665e-003
5.123402857142909e-005	9.407480e-001	4.758241e-003
5.128083428571490e-005	9.359754e-001	4.804300e-003
5.132764000000072e-005	9.309966e-001	4.850839e-003
5.165532000000144e-005	8.939620e-001	5.182289e-003
5.175772000000166e-005	8.811048e-001	5.289370e-003
5.179868000000175e-005	8.755438e-001	5.333187e-003
5.188060000000193e-005	8.641560e-001	5.421434e-003
5.190108000000197e-005	8.612421e-001	5.443678e-003
5.194204000000206e-005	8.552588e-001	5.488591e-003
5.202396000000224e-005	8.428653e-001	5.579582e-003
5.218780000000260e-005	8.164179e-001	5.766391e-003
5.251548000000332e-005	7.573038e-001	6.159830e-003
5.317084000000476e-005	6.267189e-001	6.989032e-003
5.329584000000476e-005	5.998473e-001	7.155122e-003
5.338959000000476e-005	5.784981e-001	7.284290e-003
5.344427750000476e-005	5.658252e-001	7.360423e-003
5.348662499930721e-005	5.559148e-001	7.419817e-003
5.352897249860967e-005	5.459122e-001	7.479682e-003
5.357131999791213e-005	5.358173e-001	7.540017e-003
5.361366749721459e-005	5.256301e-001	7.600823e-003
5.365601499651705e-005	5.153507e-001	7.662100e-003
5.369836249581950e-005	5.049789e-001	7.723847e-003
5.374070999512196e-005	4.945149e-001	7.786065e-003
5.399070999512196e-005	4.311860e-001	8.163684e-003
5.449070999512196e-005	2.983080e-001	8.972140e-003
5.549070999512195e-005	2.213156e-002	1.072889e-002
5.560217999581886e-005	-9.370427e-003	1.092664e-002
5.571364999651576e-005	-4.078101e-002	1.112946e-002
5.582511999721266e-005	-7.210020e-002	1.133737e-002
5.593658999790957e-005	-1.033280e-001	1.155036e-002
5.604805999860648e-005	-1.344644e-001	1.176843e-002
5.615952999930338e-005	-1.655093e-001	1.199159e-002
5.627100000000028e-005	-1.964629e-001	1.221983e-002
5.639900000000056e-005	-2.316843e-001	1.248674e-002
5.650542857142905e-005	-2.609798e-001	1.270971e-002
5.661185714285754e-005	-2.899589e-001	1.293577e-002
5.671828571428603e-005	-3.186216e-001	1.316491e-002
5.682471428571453e-005	-3.469679e-001	1.339714e-002
5.693114285714302e-005	-3.749977e-001	1.363245e-002
5.703757142857151e-005	-4.027111e-001	1.387084e-002
5.714400000000000e-005	-4.301082e-001	1.411233e-002
5.714410000000000e-005	-4.301337e-001	1.411255e-002
5.714430000000000e-005	-4.301847e-001	1.411301e-002
5.714460000000000e-005	-4.302613e-001	1.411370e-002
5.714500000000000e-005	-4.303634e-001	1.411461e-002
5.714645714285715e-005	-4.307352e-001	1.411793e-002
5.714791428571430e-005	-4.311070e-001	1.412126e-002
5.714937142857144e-005	-4.314786e-001	1.412459e-002
5.715082857142858e-005	-4.318502e-001	1.412791e-002
5.715228571428573e-005	-4.322216e-001	1.413124e-002
5.715374285714288e-005	-4.325930e-001	1.413457e-002
5.715520000000003e-005	-4.329643e-001	1.413790e-002
5.716544000000005e-005	-4.355709e-001	1.416132e-002
5.718592000000009e-005	-4.407703e-001	1.420825e-002
5.727296000000029e-005	-4.627295e-001	1.440876e-002
5.729344000000033e-005	-4.678492e-001	1.445628e-002
5.733440000000042e-005	-4.780284e-001	1.455173e-002
5.741632000000060e-005	-4.981385e-001	1.474429e-002
5.758016000000096e-005	-5.372967e-001	1.513615e-002
5.790784000000168e-005	-6.108358e-001	1.594709e-002
5.856320000000311e-005	-7.385010e-001	1.766579e-002
5.956320000000311e-005	-8.918248e-001	2.047430e-002
6.023942065814017e-005	-9.643031e-001	2.250158e-002
6.057515038451885e-005	-9.850671e-001	2.356691e-002
6.099192946535258e-005	-9.958565e-001	2.494547e-002
6.140013266370361e-005	-9.928234e-001	2.634619e-002
6.191486154421237e-005	-9.669948e-001	2.819553e-002
6.274887050572741e-005	-8.885807e-001	3.133420e-002
6.328500000000000e-005	-8.195366e-001	3.342697e-002
6.328600000000002e-005	-8.193836e-001	3.343098e-002
6.328800000000004e-005	-8.190590e-001	3.343907e-002
6.329200000000007e-005	-8.184090e-001	3.345526e-002
6.330000000000014e-005	-8.171052e-001	3.348765e-002
6.331600000000029e-005	-8.144825e-001	3.355250e-002
6.354000000000230e-005	-7.756364e-001	3.447030e-002
6.379600000000459e-005	-7.285054e-001	3.553215e-002
6.379900000000461e-005	-7.279275e-001	3.554471e-002
6.380300000000465e-005	-7.271509e-001	3.556150e-002
6.381100000000472e-005	-7.255945e-001	3.559509e-002
6.392300000000572e-005	-7.033311e-001	3.606777e-002
6.405100000000687e-005	-6.772673e-001	3.661117e-002
6.405400000000689e-005	-6.766446e-001	3.662396e-002
6.407185714286419e-005	-6.729083e-001	3.670030e-002
6.408971428572150e-005	-6.691585e-001	3.677671e-002
6.410757142857880e-005	-6.653950e-001	3.685319e-002
6.412542857143610e-005	-6.616179e-001	3.692975e-002
6.414328571429340e-005	-6.578272e-001	3.700638e-002
6.416114285715071e-005	-6.540228e-001	3.708309e-002
6.417900000000801e-005	-6.502048e-001	3.715987e-002
6.419414285714972e-005	-6.469452e-001	3.722510e-002
6.420928571429143e-005	-6.436740e-001	3.729039e-002
6.422442857143314e-005	-6.403914e-001	3.735575e-002
6.423957142857486e-005	-6.370974e-001	3.742117e-002
6.425471428571658e-005	-6.337918e-001	3.748666e-002
6.426985714285828e-005	-6.304748e-001	3.755221e-002
6.428500000000000e-005	-6.271464e-001	3.761782e-002
6.428582500000001e-005	-6.269646e-001	3.762140e-002
6.428590000000001e-005	-6.269481e-001	3.762173e-002
6.428600000000000e-005	-6.269261e-001	3.762216e-002
6.428600125000000e-005	-6.269258e-001	3.762217e-002
6.428600218749999e-005	-6.269256e-001	3.762217e-002
6.428600343749999e-005	-6.269253e-001	3.762218e-002
6.428600593749999e-005	-6.269248e-001	3.762219e-002
6.428601093749998e-005	-6.269237e-001	3.762221e-002
6.428604093749999e-005	-6.269171e-001	3.762234e-002
6.428632093749999e-005	-6.268554e-001	3.762355e-002
6.429797808035716e-005	-6.242831e-001	3.767412e-002
6.430963522321433e-005	-6.217025e-001	3.772474e-002
6.432129236607149e-005	-6.191135e-001	3.777540e-002
6.433294950892867e-005	-6.165161e-001	3.782612e-002
6.434460665178583e-005	-6.139105e-001	3.787688e-002
6.435626379464301e-005	-6.112965e-001	3.792769e-002
6.436792093750017e-005	-6.086741e-001	3.797855e-002
6.444984093750035e-005	-5.900205e-001	3.833732e-002
6.461368093750071e-005	-5.515845e-001	3.906193e-002
6.470958366071489e-005	-5.289215e-001	3.948667e-002
6.480548638392908e-005	-5.058777e-001	3.991420e-002
6.490138910714326e-005	-4.824529e-001	4.034451e-002
6.499729183035745e-005	-4.586473e-001	4.077761e-002
6.509319455357163e-005	-4.344609e-001	4.121349e-002
6.518909727678582e-005	-4.098935e-001	4.165216e-002
6.528500000000000e-005	-3.849453e-001	4.209361e-002
6.528529999999985e-005	-3.848670e-001	4.209499e-002
6.528600000000000e-005	-3.846844e-001	4.209822e-002
6.537961714281135e-005	-3.599983e-001	4.253236e-002
6.547323428562271e-005	-3.351240e-001	4.296854e-002
6.556685142843407e-005	-3.100613e-001	4.340676e-002
6.566046857124542e-005	-2.848103e-001	4.384704e-002
6.575408571405678e-005	-2.593710e-001	4.428937e-002
6.584770285686813e-005	-2.337433e-001	4.473374e-002
6.594131999967949e-005	-2.079274e-001	4.518016e-002
6.602323999963943e-005	-1.853312e-001	4.557179e-002
6.604307999962971e-005	-1.798192e-001	4.566719e-002
6.606291999962002e-005	-1.743013e-001	4.576269e-002
6.608275999961031e-005	-1.687775e-001	4.585828e-002
6.610259999960061e-005	-1.632478e-001	4.595395e-002
6.612243999959090e-005	-1.577123e-001	4.604972e-002
6.614227999958120e-005	-1.521709e-001	4.614558e-002
6.616211999957149e-005	-1.466237e-001	4.624154e-002
6.616243999957133e-005	-1.465342e-001	4.624309e-002
6.616307999957102e-005	-1.463552e-001	4.624618e-002
6.616435999957040e-005	-1.459971e-001	4.625238e-002
6.616691999956914e-005	-1.452810e-001	4.626477e-002
6.617203999956664e-005	-1.438485e-001	4.628956e-002
6.618227999956163e-005	-1.409823e-001	4.633917e-002
6.620275999955161e-005	-1.352457e-001	4.643847e-002
6.624371999953158e-005	-1.237566e-001	4.663746e-002
6.632563999949151e-005	-1.007251e-001	4.703697e-002
6.648947999941139e-005	-5.452956e-002	4.784193e-002
6.681715999925112e-005	3.773987e-002	4.947447e-002
6.747251999893059e-005	2.181758e-001	5.281138e-002
6.847251999893058e-005	4.751042e-001	5.803367e-002
6.947251999893058e-005	7.078702e-001	6.336118e-002
6.959751999893058e-005	7.338805e-001	6.403565e-002
6.962876999893059e-005	7.398891e-001	6.420523e-002
6.971910203018058e-005	7.569146e-001	6.469577e-002
6.980943406143059e-005	7.732998e-001	6.518671e-002
6.989976609268059e-005	7.890448e-001	6.567804e-002
6.999009812393060e-005	8.041496e-001	6.616976e-002
7.008043015518059e-005	8.186142e-001	6.666187e-002
7.017076218643060e-005	8.324386e-001	6.715437e-002
7.026109421768060e-005	8.456228e-001	6.764727e-002
7.035066564625207e-005	8.595188e-001	6.813592e-002
7.044023707482353e-005	8.726987e-001	6.862449e-002
7.052980850339500e-005	8.851624e-001	6.911298e-002
7.061937993196647e-005	8.969100e-001	6.960140e-002
7.070895136053794e-005	9.079414e-001	7.008974e-002
7.079852278910940e-005	9.182567e-001	7.057801e-002
7.088809421768087e-005	9.278558e-001	7.106620e-002
7.096550932944075e-005	9.358362e-001	7.148810e-002
7.104292444120062e-005	9.433533e-001	7.190961e-002
7.112033955296049e-005	9.504070e-001	7.233073e-002
7.119775466472038e-005	9.569974e-001	7.275148e-002
7.127516977648025e-005	9.631245e-001	7.317184e-002
7.135258488824013e-005	9.687883e-001	7.359182e-002
7.143000000000000e-005	9.739887e-001	7.401142e-002
7.143009999999999e-005	9.739951e-001	7.401196e-002
7.143029999999999e-005	9.740079e-001	7.401304e-002
7.143060000000000e-005	9.740271e-001	7.401467e-002
7.143100000000000e-005	9.740527e-001	7.401683e-002
7.143245714285714e-005	9.741458e-001	7.402473e-002
7.143391428571430e-005	9.742387e-001	7.403262e-002
7.143537142857144e-005	9.743314e-001	7.404051e-002
7.143682857142859e-005	9.744239e-001	7.404840e-002
7.143828571428573e-005	9.745162e-001	7.405629e-002
7.143974285714288e-005	9.746082e-001	7.406418e-002
7.144120000000002e-005	9.747001e-001	7.407207e-002
7.145144000000005e-005	9.753398e-001	7.412751e-002
7.147192000000010e-005	9.765885e-001	7.423835e-002
7.155896000000029e-005	9.815937e-001	7.470905e-002
7.157944000000034e-005	9.826704e-001	7.481968e-002
7.162040000000043e-005	9.846995e-001	7.504077e-002
7.170232000000060e-005	9.882606e-001	7.548221e-002
7.186616000000097e-005	9.933860e-001	7.636182e-002
7.219384000000169e-005	9.976035e-001	7.810963e-002
7.254500621809507e-005	9.924834e-001	7.996029e-002
7.308086928868444e-005	9.628046e-001	8.271711e-002
7.394842230664089e-005	8.701741e-001	8.699106e-002
7.494842230664089e-005	7.061737e-001	9.157013e-002
7.594842230664088e-005	4.885089e-001	9.564888e-002
7.694842230664088e-005	2.333813e-001	9.915987e-002
7.757100000000001e-005	6.291565e-002	1.010542e-001
7.757200000000001e-005	6.263510e-002	1.010570e-001
7.757400000000001e-005	6.207126e-002	1.010621e-001
7.757800000000002e-005	6.094331e-002	1.010725e-001
7.758600000000004e-005	5.868655e-002	1.010932e-001
7.760200000000008e-005	5.417078e-002	1.011344e-001
7.769800000000029e-005	2.704948e-002	1.013754e-001
7.782600000000057e-005	-9.119509e-003	1.016807e-001
7.808200000000113e-005	-8.142184e-002	1.022653e-001
7.808500000000113e-005	-8.226789e-002	1.022718e-001
7.808900000000114e-005	-8.339542e-002	1.022803e-001
7.809700000000116e-005	-8.564974e-002	1.022973e-001
7.820900000000141e-005	-1.171329e-001	1.025273e-001
7.833700000000169e-005	-1.530089e-001	1.027797e-001
7.834000000000169e-005	-1.538475e-001	1.027854e-001
7.835200000000172e-005	-1.571989e-001	1.028080e-001
7.846500000000197e-005	-1.886660e-001	1.030144e-001
7.847100000000198e-005	-1.903316e-001	1.030250e-001
7.857100000000000e-005	-2.180090e-001	1.031965e-001
7.857182500000000e-005	-2.182366e-001	1.031979e-001
7.857190000000000e-005	-2.182573e-001	1.031980e-001
7.857200000000001e-005	-2.182849e-001	1.031982e-001
7.857200125000000e-005	-2.182852e-001	1.031982e-001
7.857200156250000e-005	-2.182853e-001	1.031982e-001
7.857200218750000e-005	-2.182855e-001	1.031982e-001
7.857200343749999e-005	-2.182858e-001	1.031982e-001
7.857200593750000e-005	-2.182865e-001	1.031982e-001
7.857201093749999e-005	-2.182879e-001	1.031982e-001
7.857208093749999e-005	-2.183072e-001	1.031983e-001
7.867012093750656e-005	-2.451999e-001	1.033525e-001
7.876816093751312e-005	-2.718935e-001	1.034982e-001
7.886620093751968e-005	-2.983881e-001	1.036355e-001
7.896424093752622e-005	-3.246837e-001	1.037642e-001
7.906228093753278e-005	-3.507802e-001	1.038844e-001
7.916032093753934e-005	-3.766776e-001	1.039961e-001
7.925836093754590e-005	-4.023760e-001	1.040993e-001
7.930302366075364e-005	-4.139089e-001	1.041407e-001
7.934768638396136e-005	-4.253714e-001	1.041800e-001
7.939234910716909e-005	-4.367634e-001	1.042172e-001
7.943701183037681e-005	-4.480851e-001	1.042522e-001
7.948167455358455e-005	-4.593362e-001	1.042850e-001
7.952633727679227e-005	-4.705170e-001	1.043156e-001
7.957100000000000e-005	-4.816273e-001	1.043441e-001
7.957200000000000e-005	-4.818751e-001	1.043447e-001
7.969633714285742e-005	-5.122913e-001	1.044079e-001
7.982067428571483e-005	-5.420421e-001	1.044545e-001
7.994501142857225e-005	-5.711273e-001	1.044844e-001
8.006934857142968e-005	-5.995472e-001	1.044976e-001
8.019368571428709e-005	-6.273015e-001	1.044942e-001
8.031802285714451e-005	-6.543904e-001	1.044741e-001
8.044236000000192e-005	-6.808138e-001	1.044374e-001
8.044364000000193e-005	-6.810796e-001	1.044369e-001
8.044620000000193e-005	-6.816092e-001	1.044358e-001
8.045132000000194e-005	-6.826678e-001	1.044338e-001
8.045260000000195e-005	-6.829323e-001	1.044332e-001
8.045516000000195e-005	-6.834607e-001	1.044322e-001
8.047052000000198e-005	-6.866217e-001	1.044256e-001
8.053196000000212e-005	-6.991022e-001	1.043958e-001
8.061388000000229e-005	-7.153266e-001	1.043471e-001
8.077772000000266e-005	-7.462885e-001	1.042189e-001
8.110540000000338e-005	-8.018605e-001	1.038362e-001
8.176076000000481e-005	-8.926514e-001	1.026861e-001
8.245228235458089e-005	-9.635799e-001	1.010213e-001
8.278571320896724e-005	-9.846259e-001	9.998825e-002
8.319395404649023e-005	-9.955889e-001	9.846932e-002
8.361483930257205e-005	-9.928933e-001	9.666467e-002
8.412486135532700e-005	-9.678936e-001	9.410337e-002
8.426107905139715e-005	-9.611163e-001	9.342045e-002
8.439729674746731e-005	-9.525407e-001	9.270511e-002
8.453351444353746e-005	-9.421668e-001	9.195734e-002
8.466973213960762e-005	-9.299945e-001	9.117714e-002
8.480594983567777e-005	-9.160238e-001	9.036453e-002
8.494216753174793e-005	-9.002548e-001	8.951949e-002
8.507838522781808e-005	-8.826874e-001	8.864202e-002
8.520638522781837e-005	-8.646979e-001	8.778939e-002
8.527912238431935e-005	-8.543809e-001	8.730342e-002
8.535185954082035e-005	-8.436789e-001	8.680985e-002
8.542459669732133e-005	-8.325918e-001	8.630867e-002
8.549733385382231e-005	-8.211196e-001	8.579989e-002
8.557007101032330e-005	-8.092623e-001	8.528351e-002
8.564280816682429e-005	-7.970200e-001	8.475953e-002
8.571554532332528e-005	-7.843926e-001	8.422794e-002
8.571600000000000e-005	-7.843128e-001	8.422460e-002
8.571604546766748e-005	-7.843049e-001	8.422427e-002
8.571613640300242e-005	-7.842889e-001	8.422360e-002
8.571631827367231e-005	-7.842570e-001	8.422226e-002
8.571663625866022e-005	-7.842012e-001	8.421993e-002
8.571700000000001e-005	-7.841374e-001	8.421726e-002
8.571832505773779e-005	-7.839048e-001	8.420752e-002
8.571965011547557e-005	-7.836721e-001	8.419777e-002
8.572097517321335e-005	-7.834393e-001	8.418803e-002
8.572230023095112e-005	-7.832063e-001	8.417828e-002
8.572362528868890e-005	-7.829732e-001	8.416853e-002
8.572495034642668e-005	-7.827400e-001	8.415878e-002
8.572627540416447e-005	-7.825066e-001	8.414903e-002
8.573558718246291e-005	-7.808626e-001	8.408039e-002
8.575421073905978e-005	-7.775545e-001	8.394270e-002
8.581939318714884e-005	-7.658343e-001	8.345783e-002
8.585664030034259e-005	-7.590258e-001	8.317843e-002
8.586595207864103e-005	-7.573116e-001	8.310833e-002
8.588457563523790e-005	-7.538548e-001	8.296752e-002
8.592182274843165e-005	-7.468638e-001	8.268429e-002
8.599631697481915e-005	-7.325747e-001	8.211125e-002
8.614530542759416e-005	-7.028145e-001	8.093912e-002
8.644328233314415e-005	-6.389331e-001	7.849307e-002
8.703923614424415e-005	-4.979648e-001	7.325216e-002
8.800000000000000e-005	-2.530773e-001	6.429657e-002
