time	V(faa_in)	V(output)
0.000000000000000e+000	1.097053e-015	1.474701e-004
9.999999960041972e-012	-1.637352e-012	1.474701e-004
1.999999992008394e-011	-5.325082e-012	1.474701e-004
3.999999984016789e-011	-2.595815e-011	1.474701e-004
7.999999968033578e-011	-1.554782e-010	1.474701e-004
1.599999993606716e-010	-8.381122e-010	1.474701e-004
3.199999987213431e-010	-1.072239e-009	1.474701e-004
6.399999974426862e-010	2.750517e-008	1.474701e-004
1.000000000000000e-009	1.121860e-007	1.474701e-004
1.653142861782556e-009	3.118450e-007	1.474701e-004
2.306285723565111e-009	2.351163e-006	1.474701e-004
2.959428585347666e-009	6.230139e-006	1.474701e-004
3.612571447130222e-009	1.194877e-005	1.474701e-004
4.265714308912778e-009	1.950707e-005	1.474701e-004
4.918857170695333e-009	2.890502e-005	1.474701e-004
5.572000032477887e-009	4.014263e-005	1.474701e-004
1.018000006521150e-008	2.092516e-004	1.474701e-004
1.939600013067874e-008	1.003339e-003	1.474701e-004
3.782800026161321e-008	4.002129e-003	1.474701e-004
7.469200052348216e-008	1.232406e-002	1.474701e-004
8.390800058894939e-008	1.474937e-002	1.474701e-004
1.023400007198839e-007	1.994006e-002	1.474701e-004
1.392040009817528e-007	3.035133e-002	1.474701e-004
1.484200010472200e-007	3.295606e-002	1.474701e-004
1.668520011781545e-007	3.816446e-002	1.474701e-004
2.037160014400235e-007	4.857539e-002	1.474701e-004
2.774440019637613e-007	6.936991e-002	1.474701e-004
4.249000030112371e-007	1.107941e-001	1.474701e-004
7.198120051061886e-007	1.925151e-001	1.474701e-004
1.309636009296092e-006	3.488671e-001	1.474701e-004
2.309636009296092e-006	5.884349e-001	1.474701e-004
3.309636009296092e-006	7.837456e-001	1.474703e-004
4.309636009296091e-006	9.264879e-001	1.474708e-004
4.797360674059767e-006	9.716735e-001	1.474713e-004
5.160780668707265e-006	9.900414e-001	1.474720e-004
5.528938447578297e-006	9.972499e-001	1.474731e-004
5.878995645219628e-006	9.928367e-001	1.474746e-004
6.416269232580942e-006	9.726372e-001	1.474779e-004
6.422269232580940e-006	9.722396e-001	1.474779e-004
6.524945056497949e-006	9.649753e-001	1.474788e-004
6.627620880414957e-006	9.569317e-001	1.474797e-004
6.730296704331965e-006	9.481088e-001	1.474808e-004
6.832972528248974e-006	9.385066e-001	1.474820e-004
6.935648352165983e-006	9.281251e-001	1.474833e-004
7.038324176082992e-006	9.169643e-001	1.474847e-004
7.141000000000000e-006	9.050242e-001	1.474863e-004
7.141650000000000e-006	9.049460e-001	1.474863e-004
7.141775000000000e-006	9.049310e-001	1.474863e-004
7.141825000000000e-006	9.049250e-001	1.474863e-004
7.141899999999999e-006	9.049160e-001	1.474863e-004
7.142000000000000e-006	9.049039e-001	1.474863e-004
7.142001250000001e-006	9.049038e-001	1.474863e-004
7.142001562500000e-006	9.049038e-001	1.474863e-004
7.142002187500000e-006	9.049037e-001	1.474863e-004
7.142003437500000e-006	9.049035e-001	1.474863e-004
7.142005937500000e-006	9.049032e-001	1.474863e-004
7.142010937500001e-006	9.049026e-001	1.474863e-004
7.142020937500001e-006	9.049014e-001	1.474863e-004
7.142040937500000e-006	9.048990e-001	1.474863e-004
7.142080937500001e-006	9.048942e-001	1.474863e-004
7.142160937500001e-006	9.048846e-001	1.474863e-004
7.142320937500001e-006	9.048653e-001	1.474863e-004
7.268846517857136e-006	8.888822e-001	1.474883e-004
7.395372098214270e-006	8.718604e-001	1.474907e-004
7.521897678571405e-006	8.537998e-001	1.474934e-004
7.648423258928540e-006	8.347005e-001	1.474963e-004
7.774948839285674e-006	8.145625e-001	1.474996e-004
7.901474419642810e-006	7.933858e-001	1.475032e-004
8.027999999999944e-006	7.711703e-001	1.475070e-004
8.141000000000001e-006	7.504438e-001	1.475109e-004
8.141999999999999e-006	7.502569e-001	1.475109e-004
8.142119999999999e-006	7.502345e-001	1.475109e-004
8.142599999999997e-006	7.501447e-001	1.475110e-004
8.267491428571170e-006	7.260341e-001	1.475157e-004
8.392382857142345e-006	7.011706e-001	1.475209e-004
8.517274285713518e-006	6.755543e-001	1.475267e-004
8.642165714284693e-006	6.491853e-001	1.475330e-004
8.767057142855866e-006	6.220634e-001	1.475399e-004
8.891948571427041e-006	5.941887e-001	1.475473e-004
9.016839999998214e-006	5.655612e-001	1.475553e-004
9.018119999998212e-006	5.652627e-001	1.475554e-004
9.018439999998210e-006	5.651881e-001	1.475554e-004
9.019079999998209e-006	5.650387e-001	1.475554e-004
9.020359999998208e-006	5.647401e-001	1.475555e-004
9.022919999998202e-006	5.641425e-001	1.475557e-004
9.028039999998191e-006	5.629463e-001	1.475560e-004
9.038279999998170e-006	5.605493e-001	1.475568e-004
9.058759999998129e-006	5.557380e-001	1.475582e-004
9.099719999998045e-006	5.460465e-001	1.475611e-004
9.181639999997877e-006	5.263964e-001	1.475673e-004
9.345479999997543e-006	4.860988e-001	1.475812e-004
9.673159999996874e-006	4.020995e-001	1.476157e-004
1.032851999999554e-005	2.257086e-001	1.477162e-004
1.132851999999554e-005	-5.134456e-002	1.479600e-004
1.232851999999554e-005	-3.223715e-001	1.483598e-004
1.332851999999554e-005	-5.792746e-001	1.489178e-004
1.332951999999554e-005	-5.795159e-001	1.489185e-004
1.333151999999554e-005	-5.799806e-001	1.489200e-004
1.333551999999554e-005	-5.809086e-001	1.489231e-004
1.334351999999555e-005	-5.827596e-001	1.489292e-004
1.335951999999555e-005	-5.864421e-001	1.489415e-004
1.339151999999557e-005	-5.937424e-001	1.489664e-004
1.345551999999560e-005	-6.081341e-001	1.490175e-004
1.358351999999566e-005	-6.361317e-001	1.491253e-004
1.383951999999579e-005	-6.906526e-001	1.493515e-004
1.384051999999579e-005	-6.908605e-001	1.493524e-004
1.384251999999579e-005	-6.912693e-001	1.493543e-004
1.384651999999580e-005	-6.920862e-001	1.493581e-004
1.385451999999580e-005	-6.937163e-001	1.493657e-004
1.387051999999581e-005	-6.969630e-001	1.493810e-004
1.390251999999582e-005	-7.034011e-001	1.494119e-004
1.396651999999586e-005	-7.160571e-001	1.494754e-004
1.409451999999592e-005	-7.409545e-001	1.496054e-004
1.409551999999592e-005	-7.411462e-001	1.496065e-004
1.409751999999592e-005	-7.415257e-001	1.496086e-004
1.410151999999592e-005	-7.422836e-001	1.496128e-004
1.410951999999593e-005	-7.437961e-001	1.496212e-004
1.412551999999593e-005	-7.468064e-001	1.496382e-004
1.415751999999595e-005	-7.527692e-001	1.496726e-004
1.422151999999598e-005	-7.645856e-001	1.497421e-004
1.422251999999598e-005	-7.647687e-001	1.497432e-004
1.422451999999598e-005	-7.651328e-001	1.497454e-004
1.422851999999599e-005	-7.658601e-001	1.497498e-004
1.423651999999599e-005	-7.673110e-001	1.497587e-004
1.425251999999600e-005	-7.702045e-001	1.497766e-004
1.425799999999998e-005	-7.711921e-001	1.497827e-004
1.426896000000796e-005	-7.731618e-001	1.497950e-004
1.426996000000796e-005	-7.733412e-001	1.497961e-004
1.427196000000796e-005	-7.736995e-001	1.497984e-004
1.427596000000796e-005	-7.744152e-001	1.498029e-004
1.428200000000000e-005	-7.754947e-001	1.498097e-004
1.428300000000000e-005	-7.756732e-001	1.498108e-004
1.428500000000000e-005	-7.760299e-001	1.498131e-004
1.428600000000000e-005	-7.762082e-001	1.498142e-004
1.428800000000000e-005	-7.765646e-001	1.498165e-004
1.428900000000000e-005	-7.767427e-001	1.498176e-004
1.429000000000000e-005	-7.769207e-001	1.498188e-004
1.429010000000000e-005	-7.769386e-001	1.498189e-004
1.429030000000000e-005	-7.769741e-001	1.498191e-004
1.429060000000000e-005	-7.770275e-001	1.498195e-004
1.429100000000000e-005	-7.770987e-001	1.498199e-004
1.429112000000000e-005	-7.771201e-001	1.498200e-004
1.429160000000000e-005	-7.772055e-001	1.498206e-004
1.429224000000000e-005	-7.773193e-001	1.498213e-004
1.429352000000001e-005	-7.775469e-001	1.498228e-004
1.429608000000001e-005	-7.780016e-001	1.498257e-004
1.430120000000002e-005	-7.789096e-001	1.498315e-004
1.431144000000005e-005	-7.807194e-001	1.498432e-004
1.433192000000009e-005	-7.843145e-001	1.498669e-004
1.437288000000018e-005	-7.914507e-001	1.499145e-004
1.438312000000020e-005	-7.932196e-001	1.499265e-004
1.440872000000026e-005	-7.976083e-001	1.499568e-004
1.441896000000028e-005	-7.993488e-001	1.499690e-004
1.443944000000033e-005	-8.028050e-001	1.499937e-004
1.448040000000042e-005	-8.096147e-001	1.500437e-004
1.456232000000060e-005	-8.228208e-001	1.501469e-004
1.472616000000095e-005	-8.475387e-001	1.503663e-004
1.505384000000167e-005	-8.898864e-001	1.508617e-004
1.570920000000311e-005	-9.567032e-001	1.520005e-004
1.606129511755214e-005	-9.810361e-001	1.527133e-004
1.645670998428774e-005	-9.939590e-001	1.536489e-004
1.692188552316229e-005	-9.933951e-001	1.549142e-004
1.741543845771880e-005	-9.718295e-001	1.565062e-004
1.821573236452116e-005	-8.950319e-001	1.596790e-004
1.921573236452116e-005	-7.422073e-001	1.646545e-004
2.021573236452116e-005	-5.423414e-001	1.706432e-004
2.043100000000000e-005	-4.920418e-001	1.721448e-004
2.086253527095767e-005	-3.833926e-001	1.754352e-004
2.086453527095767e-005	-3.828683e-001	1.754513e-004
2.094545880367800e-005	-3.615698e-001	1.761115e-004
2.102638233639833e-005	-3.401204e-001	1.767832e-004
2.110730586911867e-005	-3.185200e-001	1.774664e-004
2.118822940183900e-005	-2.967687e-001	1.781612e-004
2.126915293455933e-005	-2.748663e-001	1.788674e-004
2.135007646727967e-005	-2.528130e-001	1.795852e-004
2.143100000000000e-005	-2.306086e-001	1.803145e-004
2.143182500000000e-005	-2.303817e-001	1.803220e-004
2.143190000000000e-005	-2.303610e-001	1.803227e-004
2.143200000000000e-005	-2.303335e-001	1.803236e-004
2.143200125000000e-005	-2.303332e-001	1.803236e-004
2.143200156250000e-005	-2.303331e-001	1.803236e-004
2.143200218750000e-005	-2.303329e-001	1.803236e-004
2.143200343750000e-005	-2.303326e-001	1.803237e-004
2.143200593750000e-005	-2.303319e-001	1.803237e-004
2.143202093750000e-005	-2.303278e-001	1.803238e-004
2.143204093750000e-005	-2.303223e-001	1.803240e-004
2.143216093750000e-005	-2.302892e-001	1.803251e-004
2.153476093750016e-005	-2.018777e-001	1.812747e-004
2.163736093750033e-005	-1.733664e-001	1.822424e-004
2.173996093750049e-005	-1.447553e-001	1.832281e-004
2.184256093750065e-005	-1.160444e-001	1.842318e-004
2.194516093750082e-005	-8.723367e-002	1.852535e-004
2.204776093750098e-005	-5.832313e-002	1.862933e-004
2.215036093750115e-005	-2.931279e-002	1.873510e-004
2.219045223214384e-005	-1.797609e-002	1.877724e-004
2.223054352678654e-005	-6.641129e-003	1.881970e-004
2.227063482142923e-005	4.692109e-003	1.886249e-004
2.231072611607192e-005	1.602362e-002	1.890560e-004
2.235081741071461e-005	2.735340e-002	1.894904e-004
2.239090870535731e-005	3.868146e-002	1.899280e-004
2.243100000000000e-005	5.000779e-002	1.903689e-004
2.243200000000000e-005	5.029016e-002	1.903799e-004
2.255688571428493e-005	8.558190e-002	1.917820e-004
2.268177142856986e-005	1.206724e-001	1.932146e-004
2.280665714285479e-005	1.555618e-001	1.946777e-004
2.293154285713972e-005	1.902499e-001	1.961713e-004
2.305642857142465e-005	2.247369e-001	1.976955e-004
2.318131428570958e-005	2.590227e-001	1.992503e-004
2.330619999999451e-005	2.931073e-001	2.008355e-004
2.330683999999450e-005	2.932803e-001	2.008438e-004
2.330811999999449e-005	2.936262e-001	2.008603e-004
2.331067999999448e-005	2.943180e-001	2.008933e-004
2.331579999999445e-005	2.957009e-001	2.009593e-004
2.332603999999438e-005	2.984644e-001	2.010916e-004
2.334651999999425e-005	3.039819e-001	2.013571e-004
2.338747999999399e-005	3.149776e-001	2.018914e-004
2.346939999999348e-005	3.368019e-001	2.029739e-004
2.363323999999245e-005	3.797069e-001	2.051944e-004
2.396091999999040e-005	4.619548e-001	2.098616e-004
2.461627999998628e-005	6.108860e-001	2.200036e-004
2.561627999998628e-005	7.975689e-001	2.372269e-004
2.661627999998628e-005	9.355622e-001	2.562882e-004
2.705105012095705e-005	9.739038e-001	2.653096e-004
2.742209066831451e-005	9.910274e-001	2.735034e-004
2.782058151694339e-005	9.970888e-001	2.826800e-004
2.818080857624735e-005	9.944497e-001	2.912206e-004
2.818180857624735e-005	9.944272e-001	2.912448e-004
2.818380857624734e-005	9.943676e-001	2.912935e-004
2.818780857624734e-005	9.942471e-001	2.913911e-004
2.819580857624733e-005	9.940013e-001	2.915864e-004
2.821180857624731e-005	9.934906e-001	2.919776e-004
2.824380857624727e-005	9.923930e-001	2.927622e-004
2.830780857624720e-005	9.898935e-001	2.943406e-004
2.843580857624704e-005	9.843249e-001	2.975145e-004
2.843680857624704e-005	9.842775e-001	2.975394e-004
2.843880857624704e-005	9.841775e-001	2.975894e-004
2.844280857624703e-005	9.839762e-001	2.976894e-004
2.845080857624703e-005	9.835690e-001	2.978895e-004
2.846680857624701e-005	9.827358e-001	2.982904e-004
2.849880857624697e-005	9.810232e-001	2.990935e-004
2.851600000000008e-005	9.800712e-001	2.995259e-004
2.854561715249378e-005	9.783849e-001	3.002723e-004
2.854661715249378e-005	9.783270e-001	3.002975e-004
2.854861715249378e-005	9.782097e-001	3.003480e-004
2.855261715249377e-005	9.779741e-001	3.004491e-004
2.856061715249376e-005	9.775000e-001	3.006512e-004
2.856400000000002e-005	9.772980e-001	3.007367e-004
2.857076569501253e-005	9.768916e-001	3.009079e-004
2.857176569501253e-005	9.768313e-001	3.009332e-004
2.857376569501253e-005	9.767102e-001	3.009838e-004
2.857600000000001e-005	9.765747e-001	3.010404e-004
2.857700000000000e-005	9.765139e-001	3.010657e-004
2.857800000000000e-005	9.764529e-001	3.010910e-004
2.857900000000000e-005	9.763919e-001	3.011163e-004
2.858000000000000e-005	9.763309e-001	3.011417e-004
2.858010000000000e-005	9.763248e-001	3.011442e-004
2.858030000000000e-005	9.763126e-001	3.011493e-004
2.858060000000000e-005	9.762942e-001	3.011569e-004
2.858100000000000e-005	9.762698e-001	3.011670e-004
2.858104000000000e-005	9.762673e-001	3.011680e-004
2.858112000000000e-005	9.762624e-001	3.011700e-004
2.858160000000000e-005	9.762331e-001	3.011822e-004
2.858352000000000e-005	9.761153e-001	3.012308e-004
2.858608000000001e-005	9.759578e-001	3.012957e-004
2.859120000000002e-005	9.756407e-001	3.014255e-004
2.860144000000004e-005	9.749989e-001	3.016853e-004
2.862192000000009e-005	9.736848e-001	3.022059e-004
2.867312000000020e-005	9.702975e-001	3.035104e-004
2.870896000000028e-005	9.677984e-001	3.044275e-004
2.872944000000032e-005	9.663144e-001	3.049533e-004
2.877040000000041e-005	9.632240e-001	3.060084e-004
2.885232000000059e-005	9.565601e-001	3.081335e-004
2.901616000000095e-005	9.413304e-001	3.124419e-004
2.934384000000167e-005	9.035164e-001	3.212890e-004
2.999920000000311e-005	8.040298e-001	3.397667e-004
3.099920000000310e-005	6.078804e-001	3.695625e-004
3.199920000000310e-005	3.737989e-001	4.009080e-004
3.233400000000001e-005	2.868011e-001	4.118446e-004
3.266440000000619e-005	1.968449e-001	4.229024e-004
3.269079999995051e-005	1.895209e-001	4.237975e-004
3.272599999987626e-005	1.797251e-001	4.249951e-004
3.293719999943079e-005	1.206651e-001	4.322288e-004
3.310359999767367e-005	7.387813e-002	4.379742e-004
3.320599999183308e-005	4.498617e-002	4.415347e-004
3.320699999183308e-005	4.470382e-002	4.415696e-004
3.320899999183309e-005	4.413886e-002	4.416393e-004
3.321299999183309e-005	4.300890e-002	4.417789e-004
3.322099999183311e-005	4.074881e-002	4.420582e-004
3.323699999183315e-005	3.622800e-002	4.426171e-004
3.326899999183322e-005	2.718529e-002	4.437357e-004
3.327200001633316e-005	2.633739e-002	4.438407e-004
3.327600004899974e-005	2.520681e-002	4.439807e-004
3.330199973866731e-005	1.785757e-002	4.448914e-004
3.330599872600341e-005	1.672708e-002	4.450316e-004
3.332701875061563e-005	1.078462e-002	4.457689e-004
3.333400000000000e-005	8.810892e-003	4.460139e-004
3.333410000000000e-005	8.775482e-003	4.460174e-004
3.333430000000000e-005	8.691818e-003	4.460244e-004
3.333460000000000e-005	8.530306e-003	4.460350e-004
3.333500000000000e-005	8.271177e-003	4.460490e-004
3.333504000000000e-005	8.240405e-003	4.460504e-004
3.333512000000000e-005	8.179178e-003	4.460533e-004
3.333624000000000e-005	7.374847e-003	4.460926e-004
3.333752000000001e-005	6.567619e-003	4.461375e-004
3.334008000000001e-005	5.259873e-003	4.462274e-004
3.334520000000002e-005	3.589109e-003	4.464072e-004
3.335544000000005e-005	2.618834e-003	4.467671e-004
3.337592000000009e-005	5.020798e-003	4.474874e-004
3.341688000000018e-005	1.489483e-002	4.489308e-004
3.349880000000036e-005	3.774136e-002	4.518285e-004
3.366264000000072e-005	8.390227e-002	4.576671e-004
3.399032000000144e-005	1.749359e-001	4.695177e-004
3.472100000000001e-005	3.739168e-001	4.963684e-004
3.486385714285715e-005	4.112422e-001	5.017411e-004
3.500671428571429e-005	4.477439e-001	5.071532e-004
3.514957142857143e-005	4.834219e-001	5.126047e-004
3.529242857142858e-005	5.182763e-001	5.180955e-004
3.543528571428572e-005	5.523069e-001	5.236256e-004
3.557814285714286e-005	5.855139e-001	5.291951e-004
3.572100000000000e-005	6.178972e-001	5.348040e-004
3.572111071428571e-005	6.179217e-001	5.348084e-004
3.572122142857143e-005	6.179463e-001	5.348128e-004
3.572133214285714e-005	6.179709e-001	5.348171e-004
3.572144285714286e-005	6.179955e-001	5.348215e-004
3.572155357142858e-005	6.180201e-001	5.348259e-004
3.572166428571429e-005	6.180448e-001	5.348303e-004
3.572177500000001e-005	6.180694e-001	5.348346e-004
3.572182500000000e-005	6.180805e-001	5.348366e-004
3.572190000000000e-005	6.180972e-001	5.348395e-004
3.572200000000000e-005	6.181194e-001	5.348435e-004
3.572200125000000e-005	6.181197e-001	5.348435e-004
3.572200156250000e-005	6.181197e-001	5.348435e-004
3.572200218750000e-005	6.181199e-001	5.348435e-004
3.572200343750000e-005	6.181201e-001	5.348436e-004
3.572200593750000e-005	6.181207e-001	5.348437e-004
3.572201093750000e-005	6.181218e-001	5.348439e-004
3.572202093750000e-005	6.181241e-001	5.348443e-004
3.572204093750000e-005	6.181285e-001	5.348451e-004
3.572216093750001e-005	6.181552e-001	5.348498e-004
3.572232093750001e-005	6.181907e-001	5.348561e-004
3.576908665178741e-005	6.285202e-001	5.367031e-004
3.581585236607482e-005	6.387040e-001	5.385564e-004
3.586261808036222e-005	6.487421e-001	5.404159e-004
3.590938379464962e-005	6.586345e-001	5.422817e-004
3.595614950893702e-005	6.683813e-001	5.441538e-004
3.600291522322442e-005	6.779824e-001	5.460321e-004
3.604968093751182e-005	6.874378e-001	5.479167e-004
3.614558366072442e-005	7.071559e-001	5.517669e-004
3.624148638393701e-005	7.262666e-001	5.556437e-004
3.633738910714961e-005	7.447698e-001	5.595469e-004
3.643329183036221e-005	7.626655e-001	5.634766e-004
3.652919455357481e-005	7.799537e-001	5.674327e-004
3.662509727678740e-005	7.966344e-001	5.714154e-004
3.672100000000000e-005	8.127077e-001	5.754245e-004
3.672130000000000e-005	8.127571e-001	5.754371e-004
3.672200000000000e-005	8.128724e-001	5.754665e-004
3.672212000000000e-005	8.128921e-001	5.754715e-004
3.672260000000000e-005	8.129712e-001	5.754916e-004
3.684703428571456e-005	8.327276e-001	5.807407e-004
3.697146857142912e-005	8.514899e-001	5.860418e-004
3.709590285714367e-005	8.692580e-001	5.913948e-004
3.722033714285823e-005	8.860319e-001	5.967998e-004
3.734477142857279e-005	9.018116e-001	6.022567e-004
3.746920571428735e-005	9.165972e-001	6.077656e-004
3.759364000000191e-005	9.303885e-001	6.133264e-004
3.759620000000191e-005	9.306533e-001	6.134419e-004
3.760132000000192e-005	9.311811e-001	6.136728e-004
3.761156000000195e-005	9.322295e-001	6.141351e-004
3.763204000000199e-005	9.342968e-001	6.150615e-004
3.767300000000208e-005	9.383135e-001	6.169212e-004
3.775492000000226e-005	9.458721e-001	6.206695e-004
3.791876000000262e-005	9.590654e-001	6.282903e-004
3.824644000000334e-005	9.796464e-001	6.439344e-004
3.858788560568505e-005	9.919859e-001	6.609546e-004
3.911011665120426e-005	9.936122e-001	6.885537e-004
3.958236086225962e-005	9.754702e-001	7.158091e-004
4.034862894714946e-005	9.057089e-001	7.664980e-004
4.134862894714946e-005	7.651578e-001	8.433178e-004
4.187000000000000e-005	6.719500e-001	8.887885e-004
4.187100000000001e-005	6.717482e-001	8.888836e-004
4.187300000000001e-005	6.713300e-001	8.890801e-004
4.187700000000002e-005	6.704929e-001	8.894732e-004
4.188500000000004e-005	6.688150e-001	8.902613e-004
4.190100000000007e-005	6.654445e-001	8.918434e-004
4.193300000000014e-005	6.586481e-001	8.950324e-004
4.199700000000028e-005	6.448504e-001	9.015119e-004
4.212500000000056e-005	6.164864e-001	9.148932e-004
4.238100000000112e-005	5.583537e-001	9.424615e-004
4.238200000000113e-005	5.581220e-001	9.425719e-004
4.238400000000113e-005	5.576524e-001	9.427966e-004
4.238800000000114e-005	5.567124e-001	9.432465e-004
4.239600000000116e-005	5.548301e-001	9.441482e-004
4.241200000000119e-005	5.510555e-001	9.459587e-004
4.244400000000126e-005	5.434659e-001	9.496091e-004
4.250800000000140e-005	5.281251e-001	9.570300e-004
4.263600000000168e-005	4.971424e-001	9.720991e-004
4.263700000000169e-005	4.968983e-001	9.722184e-004
4.263900000000169e-005	4.964074e-001	9.724592e-004
4.264300000000170e-005	4.954250e-001	9.729411e-004
4.265100000000172e-005	4.934578e-001	9.739070e-004
4.266700000000175e-005	4.895142e-001	9.758466e-004
4.269900000000182e-005	4.815903e-001	9.797579e-004
4.276300000000196e-005	4.656734e-001	9.876407e-004
4.276400000000196e-005	4.654238e-001	9.877647e-004
4.276600000000197e-005	4.649232e-001	9.880139e-004
4.277000000000198e-005	4.639214e-001	9.885128e-004
4.277800000000200e-005	4.619156e-001	9.895127e-004
4.279400000000203e-005	4.578952e-001	9.915207e-004
4.282600000000210e-005	4.498378e-001	9.955523e-004
4.282700000000210e-005	4.495855e-001	9.956787e-004
4.282900000000211e-005	4.490803e-001	9.959323e-004
4.283300000000212e-005	4.480693e-001	9.964400e-004
4.284100000000213e-005	4.460455e-001	9.974570e-004
4.285399999999997e-005	4.427537e-001	9.991126e-004
4.285499999999997e-005	4.425002e-001	9.992401e-004
4.285699999999997e-005	4.419931e-001	9.994956e-004
4.286099999999998e-005	4.409783e-001	1.000007e-003
4.286199999999998e-005	4.407246e-001	1.000135e-003
4.286399999999999e-005	4.402169e-001	1.000391e-003
4.286599999999999e-005	4.397091e-001	1.000647e-003
4.286700000000000e-005	4.394552e-001	1.000775e-003
4.286800000000000e-005	4.392012e-001	1.000903e-003
4.286900000000000e-005	4.389472e-001	1.001031e-003
4.287000000000000e-005	4.386931e-001	1.001159e-003
4.287010000000000e-005	4.386677e-001	1.001172e-003
4.287030000000000e-005	4.386169e-001	1.001198e-003
4.287060000000000e-005	4.385407e-001	1.001236e-003
4.287100000000000e-005	4.384390e-001	1.001287e-003
4.287245714285715e-005	4.380687e-001	1.001474e-003
4.287391428571430e-005	4.376983e-001	1.001661e-003
4.287537142857144e-005	4.373278e-001	1.001849e-003
4.287682857142859e-005	4.369572e-001	1.002036e-003
4.287828571428573e-005	4.365865e-001	1.002223e-003
4.287974285714288e-005	4.362158e-001	1.002410e-003
4.288120000000003e-005	4.358449e-001	1.002598e-003
4.289144000000005e-005	4.332360e-001	1.003918e-003
4.291192000000009e-005	4.280048e-001	1.006572e-003
4.296312000000021e-005	4.148822e-001	1.013255e-003
4.298872000000026e-005	4.082870e-001	1.016633e-003
4.299896000000029e-005	4.056414e-001	1.017993e-003
4.301944000000033e-005	4.003375e-001	1.020727e-003
4.306040000000042e-005	3.896800e-001	1.026254e-003
4.314232000000060e-005	3.681769e-001	1.037546e-003
4.330616000000096e-005	3.244966e-001	1.061135e-003
4.363384000000168e-005	2.350674e-001	1.112717e-003
4.428920000000311e-005	5.263885e-002	1.233551e-003
4.528920000000311e-005	-2.232408e-001	1.461735e-003
4.628920000000311e-005	-4.806303e-001	1.754190e-003
4.728920000000311e-005	-6.998519e-001	2.131495e-003
4.828920000000310e-005	-8.685291e-001	2.602400e-003
4.901100000000001e-005	-9.578688e-001	2.998715e-003
4.917097947723446e-005	-9.700428e-001	3.099668e-003
4.938428544688039e-005	-9.824076e-001	3.241089e-003
4.961079477234452e-005	-9.928550e-001	3.396092e-003
4.965053193929747e-005	-9.941063e-001	3.424340e-003
4.969026910625042e-005	-9.952384e-001	3.452809e-003
4.973000627320337e-005	-9.962514e-001	3.481501e-003
4.976974344015632e-005	-9.971453e-001	3.510415e-003
4.980948060710927e-005	-9.979201e-001	3.539552e-003
4.984921777406222e-005	-9.985757e-001	3.568910e-003
4.988895494101517e-005	-9.991122e-001	3.598491e-003
4.994532715024271e-005	-9.996595e-001	3.640862e-003
4.994832715024274e-005	-9.996809e-001	3.643131e-003
4.995232715024277e-005	-9.997064e-001	3.646163e-003
4.997632715024299e-005	-9.998358e-001	3.664399e-003
4.999503709854010e-005	-9.999055e-001	3.678675e-003
4.999803709854013e-005	-9.999139e-001	3.680969e-003
5.000299999999993e-005	-9.999264e-001	3.684768e-003
5.000414285714280e-005	-9.999290e-001	3.685643e-003
5.000528571428567e-005	-9.999315e-001	3.686518e-003
5.000642857142853e-005	-9.999339e-001	3.687394e-003
5.000757142857140e-005	-9.999362e-001	3.688270e-003
5.000871428571427e-005	-9.999383e-001	3.689146e-003
5.000985714285713e-005	-9.999404e-001	3.690022e-003
5.001100000000000e-005	-9.999424e-001	3.690898e-003
5.001165000000000e-005	-9.999435e-001	3.691397e-003
5.001182500000000e-005	-9.999437e-001	3.691531e-003
5.001190000000001e-005	-9.999439e-001	3.691589e-003
5.001200000000000e-005	-9.999440e-001	3.691665e-003
5.001200125000000e-005	-9.999440e-001	3.691666e-003
5.001200156250000e-005	-9.999440e-001	3.691666e-003
5.001200218750000e-005	-9.999440e-001	3.691667e-003
5.001200343750000e-005	-9.999440e-001	3.691668e-003
5.001200593750000e-005	-9.999440e-001	3.691670e-003
5.001201093750000e-005	-9.999440e-001	3.691674e-003
5.001202093750000e-005	-9.999441e-001	3.691681e-003
5.001204093750000e-005	-9.999441e-001	3.691697e-003
5.001208093750000e-005	-9.999442e-001	3.691727e-003
5.001216093750000e-005	-9.999443e-001	3.691789e-003
5.001506379464287e-005	-9.999484e-001	3.694016e-003
5.001796665178573e-005	-9.999517e-001	3.696246e-003
5.002086950892860e-005	-9.999542e-001	3.698477e-003
5.002377236607146e-005	-9.999558e-001	3.700709e-003
5.002667522321432e-005	-9.999566e-001	3.702943e-003
5.002957808035718e-005	-9.999565e-001	3.705179e-003
5.003248093750005e-005	-9.999555e-001	3.707417e-003
5.009392093750018e-005	-9.997386e-001	3.755155e-003
5.017584093750036e-005	-9.988631e-001	3.819952e-003
5.033968093750072e-005	-9.951075e-001	3.953553e-003
5.043558366071491e-005	-9.927430e-001	4.031995e-003
5.053148638392909e-005	-9.895845e-001	4.112108e-003
5.062738910714327e-005	-9.856319e-001	4.193893e-003
5.072329183035746e-005	-9.808853e-001	4.277350e-003
5.081919455357164e-005	-9.753447e-001	4.362478e-003
5.091509727678582e-005	-9.690101e-001	4.449278e-003
5.101100000000000e-005	-9.618815e-001	4.537750e-003
5.101160000000001e-005	-9.618351e-001	4.538307e-003
5.101200000000000e-005	-9.618042e-001	4.538679e-003
5.101212000000000e-005	-9.617949e-001	4.538791e-003
5.101260000000000e-005	-9.617577e-001	4.539237e-003
5.105932000000010e-005	-9.580340e-001	4.582916e-003
5.110604000000021e-005	-9.541049e-001	4.627076e-003
5.115276000000031e-005	-9.499704e-001	4.671716e-003
5.119948000000041e-005	-9.456305e-001	4.716838e-003
5.124620000000051e-005	-9.410852e-001	4.762440e-003
5.129292000000062e-005	-9.363346e-001	4.808523e-003
5.133964000000072e-005	-9.313785e-001	4.855087e-003
5.166732000000144e-005	-8.944264e-001	5.187323e-003
5.176972000000166e-005	-8.815845e-001	5.294660e-003
5.181068000000175e-005	-8.760481e-001	5.338582e-003
5.189260000000193e-005	-8.646960e-001	5.427041e-003
5.191308000000197e-005	-8.617870e-001	5.449339e-003
5.195404000000206e-005	-8.558127e-001	5.494360e-003
5.203596000000224e-005	-8.434427e-001	5.585572e-003
5.219980000000260e-005	-8.170391e-001	5.772835e-003
5.252748000000332e-005	-7.580077e-001	6.167239e-003
5.318284000000476e-005	-6.275586e-001	6.998488e-003
5.330784000000476e-005	-6.004072e-001	7.166015e-003
5.355784000000476e-005	-5.426806e-001	7.515163e-003
5.362034000000476e-005	-5.278467e-001	7.604261e-003
5.374924625000476e-005	-4.966239e-001	7.791030e-003
5.377073062500476e-005	-4.913404e-001	7.822555e-003
5.377097476562976e-005	-4.912803e-001	7.822913e-003
5.377098239502429e-005	-4.912784e-001	7.822924e-003
5.377099765381336e-005	-4.912746e-001	7.822947e-003
5.377100146851062e-005	-4.912737e-001	7.822952e-003
5.377100909790515e-005	-4.912718e-001	7.822963e-003
5.377102435669422e-005	-4.912680e-001	7.822986e-003
5.377111590942859e-005	-4.912455e-001	7.823121e-003
5.377123797974109e-005	-4.912154e-001	7.823300e-003
5.380691738822323e-005	-4.823935e-001	7.875913e-003
5.384259679670537e-005	-4.735149e-001	7.928878e-003
5.387827620518752e-005	-4.645797e-001	7.982194e-003
5.391395561366966e-005	-4.555879e-001	8.035860e-003
5.394963502215181e-005	-4.465396e-001	8.089878e-003
5.398531443063395e-005	-4.374346e-001	8.144247e-003
5.402099383911609e-005	-4.282730e-001	8.198966e-003
5.427099383911609e-005	-3.628060e-001	8.592480e-003
5.477099383911609e-005	-2.269855e-001	9.433749e-003
5.577099383911609e-005	5.190267e-002	1.124242e-002
5.616000000000000e-005	1.609373e-001	1.199552e-002
5.638198767823217e-005	2.224293e-001	1.245189e-002
5.649313229562757e-005	2.531656e-001	1.268365e-002
5.660427691302298e-005	2.835465e-001	1.291896e-002
5.671542153041838e-005	3.135721e-001	1.315780e-002
5.682656614781379e-005	3.432424e-001	1.340018e-002
5.693771076520920e-005	3.725573e-001	1.364610e-002
5.704885538260460e-005	4.015169e-001	1.389556e-002
5.716000000000000e-005	4.301211e-001	1.414856e-002
5.716007885931726e-005	4.301412e-001	1.414874e-002
5.716023657795176e-005	4.301815e-001	1.414910e-002
5.716055201522077e-005	4.302620e-001	1.414982e-002
5.716100000000000e-005	4.303764e-001	1.415085e-002
5.716181277238518e-005	4.305838e-001	1.415271e-002
5.716262554477035e-005	4.307911e-001	1.415457e-002
5.716343831715553e-005	4.309985e-001	1.415643e-002
5.716425108954070e-005	4.312058e-001	1.415829e-002
5.716506386192587e-005	4.314131e-001	1.416015e-002
5.716587663431105e-005	4.316204e-001	1.416201e-002
5.716668940669622e-005	4.318276e-001	1.416387e-002
5.717242361187037e-005	4.332889e-001	1.417701e-002
5.718389202221866e-005	4.362072e-001	1.420331e-002
5.720682884291524e-005	4.420263e-001	1.425605e-002
5.725270248430840e-005	4.536264e-001	1.436182e-002
5.726417089465670e-005	4.565157e-001	1.438835e-002
5.729284192052742e-005	4.637145e-001	1.445483e-002
5.730789420910956e-005	4.674817e-001	1.448983e-002
5.730932776040309e-005	4.678400e-001	1.449316e-002
5.731219486299016e-005	4.685562e-001	1.449984e-002
5.731792906816431e-005	4.699875e-001	1.451320e-002
5.732939747851260e-005	4.728454e-001	1.453994e-002
5.735233429920918e-005	4.785422e-001	1.459357e-002
5.739820794060234e-005	4.898584e-001	1.470134e-002
5.748995522338867e-005	5.121708e-001	1.491899e-002
5.767344978896132e-005	5.554193e-001	1.536275e-002
5.804043892010662e-005	6.356856e-001	1.628463e-002
5.877441718239722e-005	7.722948e-001	1.824440e-002
5.977441718239722e-005	9.161623e-001	2.110030e-002
6.031898215949185e-005	9.692041e-001	2.275785e-002
6.067415742391317e-005	9.888304e-001	2.389637e-002
6.100956148725442e-005	9.965899e-001	2.501168e-002
6.140669156445956e-005	9.930851e-001	2.637942e-002
6.192552745699125e-005	9.671717e-001	2.824695e-002
6.276606341464160e-005	8.883623e-001	3.141566e-002
6.330100000000001e-005	8.195049e-001	3.350764e-002
6.330400000000002e-005	8.190275e-001	3.351976e-002
6.330800000000003e-005	8.183779e-001	3.353598e-002
6.331600000000004e-005	8.170745e-001	3.356843e-002
6.338685714285734e-005	8.051730e-001	3.385748e-002
6.345771428571464e-005	7.930197e-001	3.414772e-002
6.352857142857193e-005	7.806145e-001	3.443914e-002
6.359942857142924e-005	7.679576e-001	3.473175e-002
6.367028571428653e-005	7.550489e-001	3.502555e-002
6.374114285714384e-005	7.418884e-001	3.532053e-002
6.381200000000113e-005	7.284762e-001	3.561670e-002
6.381500000000114e-005	7.278982e-001	3.562928e-002
6.381900000000115e-005	7.271216e-001	3.564610e-002
6.385457142857265e-005	7.201370e-001	3.579605e-002
6.389014285714416e-005	7.130952e-001	3.594629e-002
6.392571428571567e-005	7.059964e-001	3.609683e-002
6.396128571428717e-005	6.988405e-001	3.624766e-002
6.399685714285867e-005	6.916275e-001	3.639879e-002
6.403242857143019e-005	6.843574e-001	3.655021e-002
6.406800000000169e-005	6.770302e-001	3.670193e-002
6.407000000000170e-005	6.766137e-001	3.671049e-002
6.430100000000001e-005	6.271151e-001	3.770614e-002
6.430111071428571e-005	6.270907e-001	3.770662e-002
6.430122142857144e-005	6.270663e-001	3.770710e-002
6.430133214285714e-005	6.270420e-001	3.770758e-002
6.430144285714286e-005	6.270176e-001	3.770806e-002
6.430155357142857e-005	6.269932e-001	3.770854e-002
6.430166428571429e-005	6.269688e-001	3.770902e-002
6.430177500000000e-005	6.269444e-001	3.770950e-002
6.430182500000000e-005	6.269334e-001	3.770972e-002
6.430190000000002e-005	6.269168e-001	3.771004e-002
6.430200000000000e-005	6.268948e-001	3.771048e-002
6.430200124999999e-005	6.268945e-001	3.771048e-002
6.430200156249999e-005	6.268945e-001	3.771048e-002
6.430200218749999e-005	6.268944e-001	3.771049e-002
6.430200343749998e-005	6.268941e-001	3.771050e-002
6.430200593749999e-005	6.268935e-001	3.771051e-002
6.430201093749998e-005	6.268924e-001	3.771053e-002
6.430202093749998e-005	6.268902e-001	3.771057e-002
6.430204093749998e-005	6.268858e-001	3.771066e-002
6.430208093749998e-005	6.268770e-001	3.771083e-002
6.430232093749996e-005	6.268241e-001	3.771187e-002
6.440032665177955e-005	6.047831e-001	3.814016e-002
6.449833236605913e-005	5.823778e-001	3.857075e-002
6.459633808033872e-005	5.596081e-001	3.900365e-002
6.469434379461832e-005	5.364742e-001	3.943886e-002
6.479234950889791e-005	5.129759e-001	3.987637e-002
6.489035522317749e-005	4.891133e-001	4.031620e-002
6.498836093745708e-005	4.648864e-001	4.075833e-002
6.517999999999974e-005	4.162587e-001	4.163270e-002
6.530100000000000e-005	3.849155e-001	4.218995e-002
6.530200000000001e-005	3.846545e-001	4.219457e-002
6.530204000000001e-005	3.846441e-001	4.219476e-002
6.530228000000001e-005	3.845814e-001	4.219586e-002
6.541048571428597e-005	3.560069e-001	4.269885e-002
6.551869142857191e-005	3.271967e-001	4.320453e-002
6.562689714285787e-005	2.981508e-001	4.371291e-002
6.573510285714382e-005	2.688692e-001	4.422398e-002
6.584330857142977e-005	2.393519e-001	4.473774e-002
6.595151428571572e-005	2.095988e-001	4.525420e-002
6.605972000000168e-005	1.796101e-001	4.577336e-002
6.617364000000193e-005	1.478499e-001	4.632401e-002
6.617620000000194e-005	1.471340e-001	4.633642e-002
6.618132000000194e-005	1.457019e-001	4.636126e-002
6.619156000000197e-005	1.428365e-001	4.641094e-002
6.621204000000202e-005	1.371015e-001	4.651041e-002
6.625300000000211e-005	1.256154e-001	4.670974e-002
6.633492000000228e-005	1.025891e-001	4.710992e-002
6.649876000000264e-005	5.643869e-002	4.791338e-002
6.651966500000231e-005	5.054024e-002	4.801629e-002
6.656147500000166e-005	3.873029e-002	4.822273e-002
6.657640714285857e-005	3.451127e-002	4.829654e-002
6.659133928571546e-005	3.029180e-002	4.837040e-002
6.660627142857237e-005	2.607189e-002	4.844431e-002
6.662120357142928e-005	2.185154e-002	4.851829e-002
6.663613571428619e-005	1.763076e-002	4.859231e-002
6.665106785714309e-005	1.340953e-002	4.866639e-002
6.666600000000000e-005	9.187865e-003	4.874053e-002
6.666610000000001e-005	9.151828e-003	4.874102e-002
6.666630000000001e-005	9.065748e-003	4.874202e-002
6.666660000000000e-005	8.897275e-003	4.874351e-002
6.666700000000000e-005	8.624754e-003	4.874549e-002
6.666704000000001e-005	8.592152e-003	4.874569e-002
6.666712000000001e-005	8.527278e-003	4.874609e-002
6.666824000000001e-005	7.674200e-003	4.875165e-002
6.666952000000002e-005	6.816130e-003	4.875801e-002
6.667208000000002e-005	5.420038e-003	4.877073e-002
6.667720000000003e-005	3.613667e-003	4.879617e-002
6.668744000000005e-005	2.475296e-003	4.884708e-002
6.670792000000010e-005	4.729922e-003	4.894898e-002
6.674888000000019e-005	1.452988e-002	4.915315e-002
6.683080000000036e-005	3.736387e-002	4.956291e-002
6.699464000000073e-005	8.352722e-002	5.038802e-002
6.732232000000145e-005	1.745663e-001	5.205932e-002
6.797768000000288e-005	3.487916e-001	5.546765e-002
6.897768000000288e-005	5.887401e-001	6.078472e-002
6.997768000000288e-005	7.926376e-001	6.619866e-002
7.050536000000575e-005	8.801013e-001	6.908742e-002
7.100711999995406e-005	9.381241e-001	7.184723e-002
7.145000000000000e-005	9.742301e-001	7.427841e-002
7.145010000000001e-005	9.742364e-001	7.427896e-002
7.145030000000001e-005	9.742491e-001	7.428005e-002
7.145060000000000e-005	9.742683e-001	7.428170e-002
7.145100000000000e-005	9.742937e-001	7.428389e-002
7.145112000000001e-005	9.743013e-001	7.428455e-002
7.145160000000001e-005	9.743319e-001	7.428718e-002
7.145443428571429e-005	9.745117e-001	7.430270e-002
7.145726857142860e-005	9.746908e-001	7.431822e-002
7.146010285714288e-005	9.748690e-001	7.433374e-002
7.146293714285717e-005	9.750465e-001	7.434927e-002
7.146577142857146e-005	9.752232e-001	7.436479e-002
7.146860571428576e-005	9.753991e-001	7.438031e-002
7.147144000000005e-005	9.755743e-001	7.439584e-002
7.149192000000010e-005	9.768165e-001	7.450797e-002
7.154312000000021e-005	9.798195e-001	7.478820e-002
7.157896000000030e-005	9.817926e-001	7.498425e-002
7.159944000000035e-005	9.828632e-001	7.509621e-002
7.164040000000043e-005	9.848796e-001	7.532002e-002
7.172232000000061e-005	9.884143e-001	7.576707e-002
7.188616000000097e-005	9.934863e-001	7.665852e-002
7.221384000000169e-005	9.976794e-001	7.843231e-002
7.255244003395428e-005	9.927709e-001	8.024726e-002
7.309295401922920e-005	9.628886e-001	8.308662e-002
7.396787429185073e-005	8.695781e-001	8.751681e-002
7.496787429185072e-005	7.054999e-001	9.227419e-002
7.596787429185072e-005	4.876747e-001	9.658785e-002
7.696787429185072e-005	2.324334e-001	1.003965e-001
7.759100000000001e-005	6.175857e-002	1.025099e-001
7.759200000000001e-005	6.147792e-002	1.025130e-001
7.759400000000002e-005	6.091395e-002	1.025190e-001
7.759800000000003e-005	5.978592e-002	1.025309e-001
7.760600000000004e-005	5.752942e-002	1.025548e-001
7.762200000000008e-005	5.301446e-002	1.026023e-001
7.765400000000015e-005	4.397865e-002	1.026967e-001
7.784600000000057e-005	-1.027259e-002	1.032414e-001
7.810200000000113e-005	-8.256839e-002	1.039364e-001
7.810300000000113e-005	-8.285053e-002	1.039390e-001
7.810500000000114e-005	-8.341438e-002	1.039442e-001
7.810900000000115e-005	-8.454193e-002	1.039545e-001
7.811700000000116e-005	-8.679643e-002	1.039751e-001
7.813300000000120e-005	-9.130293e-002	1.040161e-001
7.822900000000141e-005	-1.182770e-001	1.042562e-001
7.835700000000169e-005	-1.541463e-001	1.045681e-001
7.836000000000170e-005	-1.549848e-001	1.045752e-001
7.836400000000171e-005	-1.561020e-001	1.045847e-001
7.842000000000183e-005	-1.717145e-001	1.047152e-001
7.848400000000197e-005	-1.895183e-001	1.048620e-001
7.848700000000197e-005	-1.903513e-001	1.048687e-001
7.854800000000211e-005	-2.072536e-001	1.050047e-001
7.859100000000001e-005	-2.191315e-001	1.050986e-001
7.859182500000000e-005	-2.193591e-001	1.051004e-001
7.859190000000002e-005	-2.193798e-001	1.051006e-001
7.859200000000000e-005	-2.194074e-001	1.051008e-001
7.859200124999999e-005	-2.194077e-001	1.051008e-001
7.859200156249999e-005	-2.194078e-001	1.051008e-001
7.859200218749999e-005	-2.194080e-001	1.051008e-001
7.859200343749998e-005	-2.194083e-001	1.051008e-001
7.859200593749999e-005	-2.194090e-001	1.051008e-001
7.859201093749998e-005	-2.194104e-001	1.051008e-001
7.859204093749998e-005	-2.194187e-001	1.051009e-001
7.859788665178531e-005	-2.210308e-001	1.051135e-001
7.860373236607064e-005	-2.226421e-001	1.051261e-001
7.860957808035597e-005	-2.242527e-001	1.051387e-001
7.861542379464131e-005	-2.258625e-001	1.051512e-001
7.862126950892664e-005	-2.274715e-001	1.051636e-001
7.862711522321197e-005	-2.290798e-001	1.051761e-001
7.863296093749730e-005	-2.306872e-001	1.051885e-001
7.867392093749461e-005	-2.419271e-001	1.052743e-001
7.875584093748924e-005	-2.642766e-001	1.054403e-001
7.891968093747850e-005	-3.083758e-001	1.057491e-001
7.901558366069587e-005	-3.342276e-001	1.059285e-001
7.911148638391322e-005	-3.597599e-001	1.060983e-001
7.920738910713058e-005	-3.849728e-001	1.062584e-001
7.930329183034793e-005	-4.098662e-001	1.064089e-001
7.939919455356529e-005	-4.344401e-001	1.065499e-001
7.949509727678264e-005	-4.586945e-001	1.066812e-001
7.959100000000000e-005	-4.826294e-001	1.068029e-001
7.959200000000001e-005	-4.828770e-001	1.068041e-001
7.959212000000002e-005	-4.829067e-001	1.068043e-001
7.959502285714288e-005	-4.836252e-001	1.068078e-001
7.959792571428573e-005	-4.843433e-001	1.068114e-001
7.960082857142860e-005	-4.850610e-001	1.068149e-001
7.960373142857147e-005	-4.857782e-001	1.068184e-001
7.960663428571433e-005	-4.864950e-001	1.068220e-001
7.960953714285719e-005	-4.872115e-001	1.068255e-001
7.961244000000005e-005	-4.879275e-001	1.068290e-001
7.975580000000037e-005	-5.227562e-001	1.069885e-001
7.991964000000073e-005	-5.611898e-001	1.071391e-001
8.032924000000163e-005	-6.535678e-001	1.074314e-001
8.034972000000168e-005	-6.579549e-001	1.074407e-001
8.039068000000176e-005	-6.666203e-001	1.074578e-001
8.047260000000194e-005	-6.835760e-001	1.074854e-001
8.063644000000230e-005	-7.160349e-001	1.075138e-001
8.096412000000302e-005	-7.778078e-001	1.075117e-001
8.104604000000320e-005	-7.923370e-001	1.074942e-001
8.120988000000356e-005	-8.190642e-001	1.074195e-001
8.153756000000428e-005	-8.656064e-001	1.071607e-001
8.219292000000572e-005	-9.403601e-001	1.063546e-001
8.261445445845784e-005	-9.744512e-001	1.056242e-001
8.298739216245978e-005	-9.912527e-001	1.047812e-001
8.339344250006610e-005	-9.969194e-001	1.036819e-001
8.376454171857563e-005	-9.891639e-001	1.024938e-001
8.436814053408136e-005	-9.554018e-001	1.002626e-001
8.476571516218405e-005	-9.212538e-001	9.862421e-002
8.494485074379463e-005	-9.007197e-001	9.781232e-002
8.505144349468109e-005	-8.876584e-001	9.731748e-002
8.515803624556757e-005	-8.737460e-001	9.681004e-002
8.526462899645403e-005	-8.589826e-001	9.629002e-002
8.537122174734049e-005	-8.433682e-001	9.575742e-002
8.547781449822696e-005	-8.269027e-001	9.521223e-002
8.558440724911343e-005	-8.095862e-001	9.465446e-002
8.569099999999990e-005	-7.914187e-001	9.408410e-002
8.574000000000000e-005	-7.828770e-001	9.381892e-002
8.574010000000001e-005	-7.828594e-001	9.381837e-002
8.574030000000001e-005	-7.828242e-001	9.381729e-002
8.574060000000000e-005	-7.827715e-001	9.381565e-002
8.574100000000001e-005	-7.827011e-001	9.381349e-002
8.574104000000001e-005	-7.826940e-001	9.381326e-002
8.574128000000001e-005	-7.826518e-001	9.381196e-002
8.574708571428574e-005	-7.816288e-001	9.378038e-002
8.575289142857146e-005	-7.806031e-001	9.374875e-002
8.575869714285720e-005	-7.795748e-001	9.371708e-002
8.576450285714292e-005	-7.785439e-001	9.368538e-002
8.577030857142865e-005	-7.775104e-001	9.365363e-002
8.577611428571437e-005	-7.764743e-001	9.362184e-002
8.578192000000010e-005	-7.754356e-001	9.359001e-002
8.586896000000030e-005	-7.596733e-001	9.310990e-002
8.588944000000035e-005	-7.558866e-001	9.299573e-002
8.593040000000043e-005	-7.482179e-001	9.276593e-002
8.601232000000061e-005	-7.325097e-001	9.230053e-002
8.617616000000097e-005	-6.996689e-001	9.134715e-002
8.650384000000169e-005	-6.287823e-001	8.935507e-002
8.715920000000313e-005	-4.718820e-001	8.510361e-002
8.815920000000313e-005	-2.094623e-001	7.813899e-002
8.915920000000312e-005	6.597826e-002	7.074474e-002
9.015920000000312e-005	3.361795e-001	6.310201e-002
9.115920000000312e-005	5.832539e-001	5.545927e-002
9.188100000000001e-005	7.425855e-001	5.003619e-002
9.188200000000001e-005	7.427850e-001	5.002883e-002
9.188400000000002e-005	7.431640e-001	5.001427e-002
9.188800000000003e-005	7.439212e-001	4.998516e-002
9.189600000000004e-005	7.454315e-001	4.992696e-002
9.191200000000008e-005	7.484365e-001	4.981071e-002
9.194400000000015e-005	7.543852e-001	4.957876e-002
9.200800000000029e-005	7.660437e-001	4.911716e-002
9.213600000000057e-005	7.883965e-001	4.820374e-002
9.239200000000113e-005	8.312808e-001	4.639572e-002
9.239300000000113e-005	8.314422e-001	4.638872e-002
9.239500000000114e-005	8.317562e-001	4.637482e-002
9.239900000000115e-005	8.323835e-001	4.634702e-002
9.240700000000116e-005	8.336337e-001	4.629147e-002
9.242300000000120e-005	8.361179e-001	4.618055e-002
9.245500000000127e-005	8.410208e-001	4.595941e-002
9.251900000000141e-005	8.505648e-001	4.552007e-002
9.264700000000169e-005	8.691616e-001	4.464698e-002
9.265000000000170e-005	8.695828e-001	4.462668e-002
9.265400000000171e-005	8.701403e-001	4.459967e-002
9.266200000000172e-005	8.712510e-001	4.454569e-002
9.271000000000183e-005	8.777974e-001	4.422322e-002
9.277400000000197e-005	8.863537e-001	4.379529e-002
9.277700000000198e-005	8.867471e-001	4.377532e-002
9.278100000000198e-005	8.872688e-001	4.374873e-002
9.280500000000204e-005	8.903692e-001	4.358955e-002
9.283800000000211e-005	8.945861e-001	4.337123e-002
9.284000000000211e-005	8.948386e-001	4.335804e-002
9.288100000000001e-005	8.999522e-001	4.308832e-002
9.288160000000001e-005	9.000261e-001	4.308439e-002
9.288175000000001e-005	9.000446e-001	4.308341e-002
9.288182500000000e-005	9.000539e-001	4.308292e-002
9.288190000000002e-005	9.000631e-001	4.308242e-002
9.288200000000000e-005	9.000754e-001	4.308176e-002
9.288200124999999e-005	9.000756e-001	4.308176e-002
9.288200156249999e-005	9.000756e-001	4.308176e-002
9.288200218749999e-005	9.000757e-001	4.308175e-002
9.288200343749998e-005	9.000759e-001	4.308174e-002
9.288200593749999e-005	9.000762e-001	4.308173e-002
9.288201093749998e-005	9.000767e-001	4.308169e-002
9.288202093749998e-005	9.000780e-001	4.308163e-002
9.288204093749998e-005	9.000804e-001	4.308150e-002
9.288221808035711e-005	9.001023e-001	4.308034e-002
9.288239522321425e-005	9.001241e-001	4.307917e-002
9.288257236607138e-005	9.001459e-001	4.307801e-002
9.288274950892851e-005	9.001677e-001	4.307685e-002
9.288292665178564e-005	9.001895e-001	4.307569e-002
9.288310379464277e-005	9.002113e-001	4.307453e-002
9.288328093749991e-005	9.002331e-001	4.307336e-002
9.300966937499989e-005	9.151525e-001	4.225112e-002
9.313605781249986e-005	9.288958e-001	4.144500e-002
9.326244624999985e-005	9.414632e-001	4.065501e-002
9.338883468749982e-005	9.528546e-001	3.988113e-002
9.351522312499980e-005	9.630700e-001	3.912337e-002
9.364161156249977e-005	9.721094e-001	3.838174e-002
9.376799999999976e-005	9.799728e-001	3.765623e-002
9.388100000000001e-005	9.858296e-001	3.702546e-002
9.388200000000001e-005	9.858769e-001	3.701995e-002
9.388204000000001e-005	9.858788e-001	3.701972e-002
9.388212000000002e-005	9.858826e-001	3.701928e-002
9.388260000000001e-005	9.859053e-001	3.701664e-002
9.389421142857146e-005	9.864470e-001	3.695273e-002
9.390582285714291e-005	9.869754e-001	3.688903e-002
9.391743428571437e-005	9.874904e-001	3.682554e-002
9.392904571428583e-005	9.879922e-001	3.676226e-002
9.394065714285729e-005	9.884806e-001	3.669918e-002
9.395226857142874e-005	9.889557e-001	3.663631e-002
9.396388000000019e-005	9.894176e-001	3.657364e-002
9.420964000000073e-005	9.960487e-001	3.529814e-002
9.453732000000145e-005	9.994722e-001	3.368760e-002
9.458628025741849e-005	9.993618e-001	3.345792e-002
9.470868090096106e-005	9.977781e-001	3.290671e-002
9.475764115837810e-005	9.967948e-001	3.269221e-002
9.475917116642238e-005	9.967619e-001	3.268554e-002
9.476223118251095e-005	9.966923e-001	3.267228e-002
9.476835121468807e-005	9.965503e-001	3.264581e-002
9.478059127904233e-005	9.962546e-001	3.259307e-002
9.480507140775085e-005	9.956180e-001	3.248844e-002
9.485403166516788e-005	9.942476e-001	3.228099e-002
9.486627172952214e-005	9.938778e-001	3.222964e-002
9.489075185823066e-005	9.930746e-001	3.212818e-002
9.493971211564769e-005	9.912919e-001	3.192860e-002
9.503763263048175e-005	9.870130e-001	3.154332e-002
9.523347366014987e-005	9.756404e-001	3.083020e-002
9.562515571948611e-005	9.419491e-001	2.964731e-002
9.640851983815859e-005	8.412899e-001	2.812191e-002
9.740851983815859e-005	6.736944e-001	2.726823e-002
9.753351983815859e-005	6.486453e-001	2.729819e-002
9.778351983815860e-005	5.935377e-001	2.754151e-002
9.784601983815859e-005	5.793248e-001	2.762046e-002
9.798273858815859e-005	5.474777e-001	2.782637e-002
9.798317019390636e-005	5.473755e-001	2.782709e-002
9.798360179965414e-005	5.472734e-001	2.782781e-002
9.798403340540190e-005	5.471712e-001	2.782853e-002
9.798446501114967e-005	5.470691e-001	2.782926e-002
9.798489661689743e-005	5.469669e-001	2.782998e-002
9.798532822264521e-005	5.468646e-001	2.783070e-002
9.798575982839297e-005	5.467624e-001	2.783143e-002
9.798582086354922e-005	5.467479e-001	2.783153e-002
9.798583612233828e-005	5.467443e-001	2.783156e-002
9.798583993703555e-005	5.467434e-001	2.783156e-002
9.798584756643008e-005	5.467416e-001	2.783158e-002
9.798586282521914e-005	5.467380e-001	2.783160e-002
9.798589334279727e-005	5.467308e-001	2.783165e-002
9.798595437795352e-005	5.467163e-001	2.783176e-002
9.798632058889101e-005	5.466295e-001	2.783237e-002
9.805767940585531e-005	5.295741e-001	2.795927e-002
9.812903822281959e-005	5.122842e-001	2.810026e-002
9.820039703978388e-005	4.947600e-001	2.825535e-002
9.827175585674816e-005	4.770013e-001	2.842453e-002
9.834311467371245e-005	4.590083e-001	2.860780e-002
9.841447349067673e-005	4.407808e-001	2.880517e-002
9.848583230764102e-005	4.223190e-001	2.901664e-002
9.902833538471798e-005	2.799254e-001	3.078839e-002
9.916690901834650e-005	2.418734e-001	3.136738e-002
9.930548265197501e-005	2.036263e-001	3.198934e-002
9.944405628560353e-005	1.651842e-001	3.265429e-002
9.958262991923206e-005	1.265470e-001	3.336221e-002
9.972120355286058e-005	8.771492e-002	3.411311e-002
9.985977718648910e-005	4.868778e-002	3.490699e-002
9.999835082011761e-005	9.465632e-003	3.574385e-002
9.999900000000000e-005	9.282096e-003	3.574789e-002
1.000000000000000e-004	8.999376e-003	3.575411e-002
